% start	end	CellId	IMSI	RNTI	LCID	nTxPDUs	TxBytes	nRxPDUs	RxBytes	delay	stdDev	min	max	PduSize	stdDev	min	max
0	1	6	1	8	4	153	20585	153	20585	0.00304575	0.000565916	0.003	0.01	134.542	23.6871	81	421	
0	1	9	2	15	4	104	43784	104	43784	0.003	0	0.003	0.003	421	0	421	421	
0	1	5	3	2	4	1	81	1	81	0.003	0	0.003	0.003	81	0	81	81	
0	1	3	4	8	4	107	33810	107	33810	0.00319626	0.00203015	0.003	0.024	315.981	72.2152	309	1056	
0	1	5	5	14	4	126	27342	126	27342	0.003	0	0.003	0.003	217	0	217	217	
0	1	1	6	10	4	94	37650	94	37650	0.00314894	0.00101555	0.003	0.01	400.532	53.7805	81	469	
0	1	4	7	17	4	88	11704	88	11704	0.003	0	0.003	0.003	133	0	133	133	
0	1	1	8	14	4	95	56715	95	56715	0.003	0	0.003	0.003	597	0	597	597	
0	1	7	9	1	4	65	28000	65	28000	0.00332308	0.00260473	0.003	0.024	430.769	78.7621	421	1056	
0	1	4	10	18	4	88	11704	88	11704	0.003	0	0.003	0.003	133	0	133	133	
0	1	7	11	16	4	70	32830	70	32830	0.003	0	0.003	0.003	469	0	469	469	
0	1	5	12	10	4	126	27434	125	27217	0.003	0	0.003	0.003	217.736	8.22873	217	309	
0	1	9	13	2	4	93	29484	93	29484	0.00322581	0.0021776	0.003	0.024	317.032	77.4603	309	1056	
0	1	4	14	19	4	99	51927	99	51927	0.003	0	0.003	0.003	524.515	63.8449	461	597	
0	1	1	15	16	4	87	26883	86	26574	0.003	0	0.003	0.003	309	0	309	309	
0	1	4	16	12	4	89	11784	89	11784	0.003	0	0.003	0.003	132.404	5.5118	81	133	
0	1	7	17	24	4	62	13454	62	13454	0.003	0	0.003	0.003	217	0	217	217	
0	1	7	18	3	4	58	6622	56	6356	0.003	0	0.003	0.003	113.5	25.4022	81	133	
0	1	9	19	4	4	89	20152	88	19935	0.00323864	0.00223861	0.003	0.024	226.534	89.4377	217	1056	
0	1	9	20	12	4	93	29484	92	29175	0.00322826	0.0021894	0.003	0.024	317.12	77.8801	309	1056	
0	1	1	21	3	4	75	10636	74	10503	0.00328378	0.0024412	0.003	0.024	141.932	89.4985	81	898	
0	1	4	22	4	4	79	11430	78	11297	0.00326923	0.00237778	0.003	0.024	144.833	104.509	133	1056	
0	1	9	23	1	4	84	12095	84	12095	0.00325	0.00229129	0.003	0.024	143.988	100.708	133	1056	
0	1	9	24	11	4	106	82431	106	82431	0.00313207	0.0013598	0.003	0.017	777.651	27.2931	775	1056	
0	1	2	25	6	4	205	100955	204	100358	0.003	0	0.003	0.003	491.951	65.6749	81	597	
0	1	1	26	4	4	80	21633	79	21416	0.00326582	0.00236268	0.003	0.024	271.089	89.523	81	898	
0	1	6	27	3	4	169	71784	169	71784	0.00312426	0.00161538	0.003	0.024	424.757	48.8462	421	1056	
0	1	7	28	4	4	67	30712	67	30712	0.00331343	0.00256556	0.003	0.024	458.388	77.7755	421	1056	
0	1	1	29	2	4	92	43735	92	43735	0.00315217	0.0014596	0.003	0.017	475.38	61.199	469	1056	
0	1	3	30	2	4	117	49892	117	49892	0.00317949	0.00194145	0.003	0.024	426.427	58.7058	421	1056	
0	1	3	31	1	4	107	26726	107	26726	0.00319626	0.00203015	0.003	0.024	249.776	88.7243	217	1056	
0	1	7	32	22	4	62	13454	62	13454	0.003	0	0.003	0.003	217	0	217	217	
0	1	1	33	11	4	92	38732	92	38732	0.003	0	0.003	0.003	421	0	421	421	
0	1	8	34	3	4	343	102460	343	102460	0.00308163	0.00119418	0.003	0.024	298.717	48.8785	42	661	
0	1	7	35	23	4	68	28628	68	28628	0.003	0	0.003	0.003	421	0	421	421	
0	1	5	36	13	4	62	5022	54	4374	0.003	0	0.003	0.003	81	0	81	81	
0	1	5	37	7	4	124	16492	124	16492	0.003	0	0.003	0.003	133	0	133	133	
0	1	1	38	1	4	78	17765	78	17765	0.00326923	0.00237778	0.003	0.024	227.756	94.998	217	1056	
0	1	4	39	11	4	90	19530	90	19530	0.003	0	0.003	0.003	217	0	217	217	
0	1	7	40	15	4	62	8194	61	8061	0.003	0	0.003	0.003	132.148	6.65792	81	133	
0	1	2	41	3	4	190	80206	190	80206	0.00311053	0.0015235	0.003	0.024	422.137	47.3918	81	977	
0	1	4	42	1	4	55	5351	54	5270	0.00338889	0.00285774	0.003	0.024	97.5926	121.93	81	977	
0	1	1	43	12	4	96	57312	96	57312	0.003	0	0.003	0.003	597	0	597	597	
0	1	7	44	11	4	67	49536	66	48939	0.00321212	0.00172328	0.003	0.017	741.5	83.0633	597	1056	
0	1	9	45	10	4	95	20615	95	20615	0.003	0	0.003	0.003	217	0	217	217	
0	1	1	46	15	4	92	41324	92	41324	0.003	0	0.003	0.003	449.174	23.7638	421	469	
0	1	8	47	2	4	288	103281	287	102812	0.00309756	0.00116665	0.003	0.017	358.23	173.472	122	1056	
0	1	6	48	2	4	170	53081	169	52660	0.003	0	0.003	0.003	311.598	34.7766	81	421	
0	1	4	49	10	4	88	11788	87	11655	0.003	0	0.003	0.003	133.966	9.00575	133	217	
0	1	5	50	1	4	119	26662	119	26662	0.00317647	0.00192507	0.003	0.024	224.05	76.911	217	1056	
0	1	1	51	13	4	84	18228	84	18228	0.003	0	0.003	0.003	217	0	217	217	
0	1	5	52	4	4	113	15952	113	15952	0.00318584	0.00197551	0.003	0.024	141.168	86.8285	133	1056	
0	1	3	53	11	4	125	16736	123	16470	0.00305691	0.000631169	0.003	0.01	133.902	27.6958	60	421	
0	1	4	54	3	4	83	18850	83	18850	0.00325301	0.00230505	0.003	0.024	227.108	92.0922	217	1056	
0	1	6	55	7	4	119	12187	119	12187	0.003	0	0.003	0.003	102.412	25.7002	81	133	
0	1	3	56	9	4	107	26530	106	26313	0.003	0	0.003	0.003	248.236	43.7834	216	309	
0	1	3	57	10	4	97	13824	97	13824	0.00321649	0.00213223	0.003	0.024	142.515	93.7165	133	1056	
0	1	2	58	2	4	192	103704	192	103704	0.00307292	0.00101036	0.003	0.017	540.125	178.059	81	977	
0	1	3	59	4	4	123	94322	122	93547	0.00305738	0.00063375	0.003	0.01	766.779	67.8723	283	1056	
0	1	7	60	8	4	64	19548	64	19548	0.003	0	0.003	0.003	305.437	28.5	81	309	
0	1	7	61	2	4	60	19287	60	19287	0.00335	0.00271109	0.003	0.024	321.45	96.4373	309	1056	
0	1	7	62	9	4	68	41055	68	41055	0.00320588	0.00169775	0.003	0.017	603.75	55.6619	597	1056	
0	1	9	63	9	4	95	20615	95	20615	0.003	0	0.003	0.003	217	0	217	217	
0	1	7	64	18	4	64	19776	64	19776	0.003	0	0.003	0.003	309	0	309	309	
0	1	4	65	13	4	101	80702	101	80702	0.00306931	0.000696526	0.003	0.01	799.03	97.6054	81	977	
0	1	3	66	7	4	110	23734	110	23734	0.003	0	0.003	0.003	215.764	12.9671	81	217	
0	1	4	67	20	4	87	8199	85	7985	0.00324706	0.00227777	0.003	0.024	93.9412	64.4763	81	661	
0	1	7	68	10	4	71	54331	71	54331	0.003	0	0.003	0.003	765.225	82.3626	81	775	
0	1	6	69	6	4	155	20645	154	20512	0.003	0	0.003	0.003	133.195	7.98616	81	217	
0	1	2	70	1	4	191	80208	190	79787	0.00311053	0.0015235	0.003	0.024	419.932	49.2543	81	898	
0	1	9	71	3	4	106	63146	106	63146	0.00313207	0.0013598	0.003	0.017	595.717	62.5248	81	977	
0	1	5	72	8	4	92	7452	89	7209	0.003	0	0.003	0.003	81	0	81	81	
0	1	9	73	16	4	93	12369	93	12369	0.003	0	0.003	0.003	133	0	133	133	
0	1	7	74	17	4	55	7211	53	6945	0.003	0	0.003	0.003	131.038	10.0038	81	133	
0	1	4	75	2	4	79	11299	79	11299	0.00326582	0.00236268	0.003	0.024	143.025	95.2123	81	977	
0	1	6	76	4	4	151	33391	151	33391	0.00313907	0.00170896	0.003	0.024	221.132	62.903	81	977	
0	1	3	77	3	4	119	65870	119	65870	0.00311765	0.00128338	0.003	0.017	553.529	77.3887	469	1056	
0	1	8	78	1	4	332	77678	331	77369	0.00312689	0.0016299	0.003	0.024	233.743	71.1494	217	1056	
0	1	5	79	9	4	143	67187	143	67187	0.003	0	0.003	0.003	469.839	10.7295	461	597	
0	1	2	80	4	4	189	80204	189	80204	0.00311111	0.00152753	0.003	0.024	424.36	46.1895	421	1056	
1	2	6	1	8	4	169	22477	168	22344	0.003	0	0.003	0.003	133	0	133	133	
1	2	9	2	15	4	107	45047	106	44626	0.003	0	0.003	0.003	421	0	421	421	
1	2	3	4	8	4	110	33990	110	33990	0.003	0	0.003	0.003	309	0	309	309	
1	2	5	5	14	4	135	29295	135	29295	0.003	0	0.003	0.003	217	0	217	217	
1	2	1	6	10	4	87	36627	87	36627	0.003	0	0.003	0.003	421	0	421	421	
1	2	1	7	17	4	86	11438	86	11438	0.003	0	0.003	0.003	133	0	133	133	
1	2	1	8	14	4	91	54327	91	54327	0.003	0	0.003	0.003	597	0	597	597	
1	2	7	9	1	4	73	30733	73	30733	0.003	0	0.003	0.003	421	0	421	421	
1	2	4	10	18	4	83	11039	81	10773	0.003	0	0.003	0.003	133	0	133	133	
1	2	7	11	16	4	76	35644	76	35644	0.003	0	0.003	0.003	469	0	469	469	
1	2	5	12	10	4	135	29295	135	29295	0.003	0	0.003	0.003	217	0	217	217	
1	2	9	13	2	4	100	30900	100	30900	0.003	0	0.003	0.003	309	0	309	309	
1	2	4	14	19	4	96	45022	95	44553	0.003	0	0.003	0.003	468.979	0.205196	467	469	
1	2	1	15	16	4	78	23734	79	24043	0.003	0	0.003	0.003	304.342	20.2996	217	309	
1	2	4	16	12	4	81	10773	79	10507	0.003	0	0.003	0.003	133	0	133	133	
1	2	7	17	24	4	70	18594	70	18594	0.003	0	0.003	0.003	265.629	46.2564	217	309	
1	2	7	18	3	4	63	9471	62	9338	0.003	0	0.003	0.003	150.613	34.4737	133	217	
1	2	9	19	4	4	97	21049	98	21266	0.003	0	0.003	0.003	217	0	217	217	
1	2	9	20	12	4	99	30591	100	30900	0.003	0	0.003	0.003	309	0	309	309	
1	2	1	21	3	4	76	11956	76	11956	0.003	0	0.003	0.003	157.316	38.3486	133	217	
1	2	4	22	4	4	78	10374	77	10241	0.003	0	0.003	0.003	133	0	133	133	
1	2	9	23	1	4	91	13783	90	13650	0.003	0	0.003	0.003	151.667	35.1178	133	217	
1	2	9	24	11	4	107	65836	107	65836	0.003	0	0.003	0.003	615.29	54.3167	596	775	
1	2	2	25	6	4	200	107711	201	108308	0.003	0	0.003	0.003	538.846	67.418	461	597	
1	2	1	26	4	4	80	17360	80	17360	0.003	0	0.003	0.003	217	0	217	217	
1	2	6	27	3	4	189	79569	188	79148	0.003	0	0.003	0.003	421	0	421	421	
1	2	7	28	4	4	75	35431	75	35431	0.003	0	0.003	0.003	472.413	20.7606	469	597	
1	2	1	29	2	4	90	42210	90	42210	0.003	0	0.003	0.003	469	0	469	469	
1	2	3	30	2	4	117	49257	117	49257	0.003	0	0.003	0.003	421	0	421	421	
1	2	3	31	1	4	110	33990	110	33990	0.003	0	0.003	0.003	309	0	309	309	
1	2	7	32	22	4	68	14756	68	14756	0.003	0	0.003	0.003	217	0	217	217	
1	2	1	33	11	4	88	37048	87	36627	0.003	0	0.003	0.003	421	0	421	421	
1	2	8	34	3	4	345	107746	344	107109	0.00354942	0.00335689	0.003	0.024	311.363	93.4146	23	637	
1	2	7	35	23	4	66	21514	66	21514	0.003	0	0.003	0.003	325.97	40.4654	309	421	
1	2	5	36	13	4	94	8082	89	7677	0.003	0	0.003	0.003	86.2584	15.7664	81	133	
1	2	5	37	7	4	132	17556	129	17157	0.003	0	0.003	0.003	133	0	133	133	
1	2	1	38	1	4	83	21875	83	21875	0.003	0	0.003	0.003	263.554	46.2763	217	309	
1	2	4	39	11	4	84	18228	84	18228	0.003	0	0.003	0.003	217	0	217	217	
1	2	7	40	15	4	66	8777	65	8644	0.003	0	0.003	0.003	132.985	0.124035	132	133	
1	2	2	41	3	4	200	84199	199	83778	0.003	0	0.003	0.003	420.995	0.0708881	420	421	
1	2	4	42	1	4	59	5351	57	5137	0.003	0	0.003	0.003	90.1228	19.9536	81	133	
1	2	1	43	12	4	90	53730	90	53730	0.003	0	0.003	0.003	597	0	597	597	
1	2	7	44	11	4	75	44775	76	45372	0.003	0	0.003	0.003	597	0	597	597	
1	2	9	45	10	4	93	21201	93	21201	0.00337634	0.00158741	0.003	0.01	227.968	46.2616	217	421	
1	2	1	46	15	4	88	37048	88	37048	0.003	0	0.003	0.003	421	0	421	421	
1	2	8	47	2	4	210	105948	210	105820	0.003	0	0.003	0.003	503.905	107.796	122	597	
1	2	6	48	2	4	188	79148	189	79569	0.003	0	0.003	0.003	421	0	421	421	
1	2	4	49	10	4	82	10906	83	11039	0.003	0	0.003	0.003	133	0	133	133	
1	2	5	50	1	4	132	29288	132	29288	0.003	0	0.003	0.003	221.879	20.6952	217	309	
1	2	1	51	13	4	80	17360	80	17360	0.003	0	0.003	0.003	217	0	217	217	
1	2	5	52	4	4	118	17290	118	17290	0.003	0	0.003	0.003	146.525	31.0056	133	217	
1	2	3	53	11	4	107	14651	106	14518	0.003	0	0.003	0.003	136.962	17.8928	133	217	
1	2	4	54	3	4	86	20962	86	20962	0.003	0	0.003	0.003	243.744	42.0208	217	309	
1	2	6	55	7	4	120	10240	116	9916	0.003	0	0.003	0.003	85.4828	14.6581	81	133	
1	2	3	56	9	4	107	23219	107	23219	0.003	0	0.003	0.003	217	0	217	217	
1	2	3	57	10	4	101	14273	101	14273	0.003	0	0.003	0.003	141.317	25.2139	133	217	
1	2	2	58	2	4	200	105800	200	105800	0.003	0	0.003	0.003	529	68.1706	461	597	
1	2	3	59	4	4	121	93775	121	93775	0.003	0	0.003	0.003	775	0	775	775	
1	2	7	60	8	4	69	21769	68	21460	0.003	0	0.003	0.003	315.588	26.5489	309	421	
1	2	7	61	2	4	67	21823	66	21514	0.003	0	0.003	0.003	325.97	40.4654	309	421	
1	2	7	62	9	4	74	41490	74	41490	0.003	0	0.003	0.003	560.676	58.1006	469	597	
1	2	9	63	9	4	94	21418	93	21201	0.00337634	0.00158741	0.003	0.01	227.968	46.2616	217	421	
1	2	7	64	18	4	69	21545	69	21545	0.003	0	0.003	0.003	312.246	18.9274	309	421	
1	2	4	65	13	4	95	73625	95	73625	0.003	0	0.003	0.003	775	0	775	775	
1	2	3	66	7	4	107	23219	107	23219	0.003	0	0.003	0.003	217	0	217	217	
1	2	4	67	20	4	83	11039	83	11039	0.003	0	0.003	0.003	133	0	133	133	
1	2	7	68	10	4	79	66217	79	66217	0.003	0	0.003	0.003	838.19	64.4038	775	903	
1	2	6	69	6	4	168	22344	169	22477	0.003	0	0.003	0.003	133	0	133	133	
1	2	2	70	1	4	200	84487	200	84487	0.003	0	0.003	0.003	422.435	8.20992	420	469	
1	2	9	71	3	4	106	55346	106	55346	0.003	0	0.003	0.003	522.132	63.3701	469	597	
1	2	5	72	8	4	98	7938	96	7776	0.003	0	0.003	0.003	81	0	81	81	
1	2	9	73	16	4	96	12768	96	12768	0.003	0	0.003	0.003	133	0	133	133	
1	2	4	74	21	4	83	10519	83	10519	0.003	0	0.003	0.003	126.735	17.0302	81	133	
1	2	4	75	2	4	83	11039	83	11039	0.003	0	0.003	0.003	133	0	133	133	
1	2	6	76	4	4	166	37860	166	37860	0.003	0	0.003	0.003	228.072	30.0437	215	309	
1	2	3	77	3	4	120	58072	120	58072	0.003	0	0.003	0.003	483.933	41.2632	469	597	
1	2	8	78	1	4	366	111495	367	111804	0.00357221	0.00342357	0.003	0.024	304.643	46.7292	24	442	
1	2	5	79	9	4	156	87372	156	87372	0.003	0	0.003	0.003	560.077	58.1768	469	597	
1	2	2	80	4	4	200	84199	200	84199	0.003	0	0.003	0.003	420.995	0.0707107	420	421	
2	3	6	1	8	4	166	22918	165	22785	0.003	0	0.003	0.003	138.091	20.1039	133	217	
2	3	9	2	15	4	111	50667	112	51088	0.003	0	0.003	0.003	456.143	21.352	421	469	
2	3	3	4	8	4	104	27260	104	27260	0.003	0	0.003	0.003	262.115	46.2142	217	309	
2	3	5	5	14	4	145	31465	144	31248	0.003	0	0.003	0.003	217	0	217	217	
2	3	1	6	10	4	87	36627	87	36627	0.003	0	0.003	0.003	421	0	421	421	
2	3	1	7	17	4	78	10374	78	10374	0.003	0	0.003	0.003	133	0	133	133	
2	3	1	8	14	4	88	54313	88	54313	0.003	0	0.003	0.003	617.193	56.8282	595	775	
2	3	7	9	1	4	73	30733	72	30312	0.003	0	0.003	0.003	421	0	421	421	
2	3	7	10	25	4	81	10773	81	10773	0.003	0	0.003	0.003	133	0	133	133	
2	3	7	11	16	4	75	35175	75	35175	0.003	0	0.003	0.003	469	0	469	469	
2	3	5	12	10	4	145	31465	145	31465	0.003	0	0.003	0.003	217	0	217	217	
2	3	9	13	2	4	95	27423	94	27206	0.003	0	0.003	0.003	289.426	37.8541	217	309	
2	3	4	14	19	4	102	43806	102	43854	0.003	0	0.003	0.003	429.941	18.78	421	469	
2	3	1	15	16	4	77	17353	77	17353	0.003	0	0.003	0.003	225.364	26.6216	217	309	
2	3	4	16	12	4	62	5334	62	5334	0.003	0	0.003	0.003	86.0323	15.4993	81	133	
2	3	7	17	24	4	68	21012	68	21012	0.003	0	0.003	0.003	309	0	309	309	
2	3	7	18	3	4	57	9765	56	9632	0.003	0	0.003	0.003	172	42.2718	133	217	
2	3	9	19	4	4	94	21226	94	21226	0.003	0	0.003	0.003	225.809	27.2153	217	309	
2	3	9	20	12	4	101	31209	100	30900	0.003	0	0.003	0.003	309	0	309	309	
2	3	1	21	3	4	79	16639	79	16639	0.003	0	0.003	0.003	210.62	22.3952	133	217	
2	3	4	22	4	4	59	7327	59	7327	0.003	0	0.003	0.003	124.186	19.6771	81	133	
2	3	9	23	1	4	82	13594	80	13244	0.003	0	0.003	0.003	165.55	41.1813	133	217	
2	3	9	24	11	4	110	65670	110	65670	0.003	0	0.003	0.003	597	0	597	597	
2	3	2	25	6	4	200	105800	200	105800	0.003	0	0.003	0.003	529	236.145	283	775	
2	3	1	26	4	4	79	17143	80	17360	0.003	0	0.003	0.003	217	0	217	217	
2	3	6	27	3	4	172	65912	172	66024	0.003	0	0.003	0.003	383.86	52.8951	307	421	
2	3	7	28	4	4	76	45878	75	45281	0.003	0	0.003	0.003	603.747	52.5252	469	775	
2	3	1	29	2	4	90	42210	90	42210	0.003	0	0.003	0.003	469	0	469	469	
2	3	3	30	2	4	119	50099	119	50099	0.003	0	0.003	0.003	421	0	421	421	
2	3	3	31	1	4	112	34608	112	34608	0.003	0	0.003	0.003	309	0	309	309	
2	3	7	32	22	4	66	14322	66	14322	0.003	0	0.003	0.003	217	0	217	217	
2	3	1	33	11	4	87	36627	87	36627	0.003	0	0.003	0.003	421	0	421	421	
2	3	8	34	3	4	290	105980	290	105980	0.00444827	0.0053305	0.003	0.024	365.448	106.541	218	637	
2	3	7	35	23	4	64	20172	64	20172	0.00310937	0.000875	0.003	0.01	315.188	39.4819	217	421	
2	3	5	36	13	4	100	8620	97	8377	0.003	0	0.003	0.003	86.3608	15.8943	81	133	
2	3	5	37	7	4	142	18886	142	18886	0.003	0	0.003	0.003	133	0	133	133	
2	3	1	38	1	4	82	25338	82	25338	0.003	0	0.003	0.003	309	0	309	309	
2	3	4	39	11	4	93	20365	93	20365	0.003	0	0.003	0.003	218.978	13.418	217	309	
2	3	7	40	15	4	65	8645	65	8645	0.003	0	0.003	0.003	133	0	133	133	
2	3	2	41	3	4	205	86305	206	86726	0.003	0	0.003	0.003	421	0	421	421	
2	3	4	42	1	4	69	5589	68	5508	0.003	0	0.003	0.003	81	0	81	81	
2	3	1	43	12	4	90	53729	90	53729	0.003	0	0.003	0.003	596.989	0.105409	596	597	
2	3	7	44	11	4	75	44775	75	44775	0.003	0	0.003	0.003	597	0	597	597	
2	3	9	45	10	4	94	21417	94	21417	0.00337234	0.00157933	0.003	0.01	227.84	46.0288	216	421	
2	3	1	46	15	4	83	34719	83	34719	0.003	0	0.003	0.003	418.301	17.2794	309	421	
2	3	8	47	2	4	200	105800	200	105800	0.003	0	0.003	0.003	529	68.1706	461	597	
2	3	6	48	2	4	192	80831	192	80831	0.003	0	0.003	0.003	420.995	0.0721688	420	421	
2	3	4	49	10	4	93	12368	92	12235	0.003	0	0.003	0.003	132.989	0.104257	132	133	
2	3	5	50	1	4	120	24160	119	23943	0.00347059	0.00176031	0.003	0.01	201.202	58.4752	133	309	
2	3	1	51	13	4	80	17360	79	17143	0.003	0	0.003	0.003	217	0	217	217	
2	3	5	52	4	4	71	10339	69	9989	0.00310145	0.000842701	0.003	0.01	144.768	61.4372	81	217	
2	3	3	53	11	4	105	21441	104	21224	0.003	0	0.003	0.003	204.077	30.4541	133	217	
2	3	4	54	3	4	96	29663	96	29663	0.003	0	0.003	0.003	308.99	0.102062	308	309	
2	3	6	55	7	4	126	10206	124	10044	0.003	0	0.003	0.003	81	0	81	81	
2	3	3	56	9	4	101	20573	102	20790	0.003	0	0.003	0.003	203.824	30.6992	133	217	
2	3	3	57	10	4	107	14231	107	14231	0.003	0	0.003	0.003	133	0	133	133	
2	3	2	58	2	4	197	103577	196	103108	0.003	0	0.003	0.003	526.061	66.944	461	597	
2	3	3	59	4	4	119	77094	120	77869	0.003	0	0.003	0.003	648.908	81.2509	596	775	
2	3	7	60	8	4	66	20954	67	21263	0.003	0	0.003	0.003	317.358	29.6544	309	421	
2	3	7	61	2	4	63	22155	64	22464	0.003	0	0.003	0.003	351	54.6504	309	421	
2	3	7	62	9	4	75	35175	75	35175	0.003	0	0.003	0.003	469	0	469	469	
2	3	9	63	9	4	88	22155	89	22372	0.00410112	0.00256305	0.003	0.01	251.371	76.8041	216	421	
2	3	7	64	18	4	67	21039	67	21039	0.003	0	0.003	0.003	314.015	23.3378	309	421	
2	3	4	65	13	4	103	64339	103	64339	0.003	0	0.003	0.003	624.65	64.7919	597	775	
2	3	3	66	7	4	109	23653	109	23653	0.003	0	0.003	0.003	217	0	217	217	
2	3	4	67	20	4	92	12236	92	12236	0.003	0	0.003	0.003	133	0	133	133	
2	3	7	68	10	4	78	73634	78	73634	0.003	0	0.003	0.003	944.026	30.8995	903	967	
2	3	6	69	6	4	166	22918	164	22652	0.003	0	0.003	0.003	138.122	20.1616	133	217	
2	3	2	70	1	4	213	98648	213	98600	0.003	0	0.003	0.003	462.911	16.0058	421	469	
2	3	9	71	3	4	110	52358	110	52358	0.003	0	0.003	0.003	475.982	29.2007	469	597	
2	3	5	72	8	4	104	8424	103	8343	0.003	0	0.003	0.003	81	0	81	81	
2	3	9	73	16	4	96	12768	95	12635	0.003	0	0.003	0.003	133	0	133	133	
2	3	4	74	21	4	89	12509	89	12509	0.003	0	0.003	0.003	140.551	24.1619	133	217	
2	3	4	75	2	4	92	12236	91	12103	0.003	0	0.003	0.003	133	0	133	133	
2	3	6	76	4	4	178	49942	177	49633	0.003	0	0.003	0.003	280.412	42.6979	217	309	
2	3	3	77	3	4	124	58156	123	57687	0.003	0	0.003	0.003	469	0	469	469	
2	3	8	78	1	4	350	106220	350	106220	0.0042	0.0048814	0.003	0.024	303.486	64.638	24	442	
2	3	5	79	9	4	164	97908	164	97908	0.003	0	0.003	0.003	597	0	597	597	
2	3	2	80	4	4	185	66235	185	66235	0.003	0	0.003	0.003	358.027	55.7261	307	421	
3	4	6	1	8	4	173	23848	171	23582	0.003	0	0.003	0.003	137.906	19.7699	132	217	
3	4	9	2	15	4	112	52528	112	52528	0.003	0	0.003	0.003	469	0	469	469	
3	4	2	3	7	4	24	1944	24	1944	0.003	0	0.003	0.003	81	0	81	81	
3	4	3	4	8	4	102	22686	102	22686	0.003	0	0.003	0.003	222.412	21.754	217	309	
3	4	5	5	14	4	145	31465	146	31682	0.003	0	0.003	0.003	217	0	217	217	
3	4	1	6	10	4	84	35364	83	34943	0.003	0	0.003	0.003	421	0	421	421	
3	4	1	7	17	4	75	9975	75	9975	0.003	0	0.003	0.003	133	0	133	133	
3	4	1	8	14	4	87	63687	87	63687	0.003	0	0.003	0.003	732.034	76.6113	597	775	
3	4	7	9	1	4	70	29470	71	29891	0.003	0	0.003	0.003	421	0	421	421	
3	4	7	10	25	4	63	8379	62	8246	0.003	0	0.003	0.003	133	0	133	133	
3	4	7	11	16	4	73	34237	73	34237	0.003	0	0.003	0.003	469	0	469	469	
3	4	5	12	10	4	137	27797	138	28014	0.003	0	0.003	0.003	203	31.419	133	217	
3	4	9	13	2	4	94	21410	95	21627	0.003	0	0.003	0.003	227.653	29.5936	217	309	
3	4	4	14	19	4	113	47571	113	47571	0.003	0	0.003	0.003	420.982	0.188144	419	421	
3	4	1	15	16	4	77	16709	77	16709	0.003	0	0.003	0.003	217	0	217	217	
3	4	1	16	18	4	69	6681	67	6519	0.003	0	0.003	0.003	97.2985	24.3043	81	133	
3	4	7	17	24	4	66	20394	66	20394	0.003	0	0.003	0.003	309	0	309	309	
3	4	7	18	3	4	54	9366	54	9366	0.003	0	0.003	0.003	173.444	42.3653	133	217	
3	4	9	19	4	4	99	23505	99	23505	0.003	0	0.003	0.003	237.424	38.4541	215	309	
3	4	9	20	12	4	101	31209	102	31518	0.003	0	0.003	0.003	309	0	309	309	
3	4	1	21	3	4	77	16709	75	16275	0.003	0	0.003	0.003	217	0	217	217	
3	4	4	22	4	4	65	7189	63	6923	0.003	0	0.003	0.003	109.889	26.0466	81	133	
3	4	9	23	1	4	85	13657	85	13657	0.003	0	0.003	0.003	160.671	39.7143	133	217	
3	4	9	24	11	4	110	55301	109	54832	0.003	0	0.003	0.003	503.046	56.8084	469	597	
3	4	2	25	6	4	194	105800	194	105800	0.003	0	0.003	0.003	545.361	284.13	155	903	
3	4	1	26	4	4	70	14266	70	14266	0.003	0	0.003	0.003	203.8	30.7913	133	217	
3	4	6	27	3	4	182	58478	183	58787	0.003	0	0.003	0.003	321.24	35.0401	309	421	
3	4	7	28	4	4	73	51413	74	52010	0.003	0	0.003	0.003	702.838	87.9893	597	775	
3	4	1	29	2	4	84	38052	84	38052	0.003	0	0.003	0.003	453	22.7633	421	469	
3	4	3	30	2	4	114	47993	114	47993	0.003	0	0.003	0.003	420.991	0.0936586	420	421	
3	4	3	31	1	4	107	33063	106	32754	0.003	0	0.003	0.003	309	0	309	309	
3	4	7	32	22	4	64	13888	64	13888	0.003	0	0.003	0.003	217	0	217	217	
3	4	1	33	11	4	83	34943	84	35364	0.003	0	0.003	0.003	421	0	421	421	
3	4	8	34	3	4	290	105980	290	105980	0.00444827	0.0053305	0.003	0.024	365.448	106.541	218	637	
3	4	7	35	23	4	62	14190	61	13973	0.003	0	0.003	0.003	229.066	31.3134	217	309	
3	4	5	36	13	4	99	8799	99	8799	0.003	0	0.003	0.003	88.8788	18.7395	81	133	
3	4	5	37	7	4	143	19019	142	18886	0.003	0	0.003	0.003	133	0	133	133	
3	4	1	38	1	4	83	31135	83	31135	0.003	0	0.003	0.003	375.12	55.4127	309	421	
3	4	4	39	11	4	108	30519	107	30210	0.003	0	0.003	0.003	282.336	41.9247	217	309	
3	4	7	40	15	4	63	8379	63	8379	0.003	0	0.003	0.003	133	0	133	133	
3	4	2	41	3	4	187	78726	187	78726	0.003	0	0.003	0.003	420.995	0.0731272	420	421	
3	4	4	42	1	4	75	6073	74	5992	0.003	0	0.003	0.003	80.973	0.232495	79	81	
3	4	1	43	12	4	86	51342	86	51342	0.003	0	0.003	0.003	597	0	597	597	
3	4	7	44	11	4	73	43581	73	43581	0.003	0	0.003	0.003	597	0	597	597	
3	4	9	45	10	4	79	13575	79	13575	0.00370886	0.00212526	0.003	0.01	171.835	71.3996	133	309	
3	4	1	46	15	4	78	24214	78	24214	0.003	0	0.003	0.003	310.436	12.6815	309	421	
3	4	8	47	2	4	200	105978	200	105800	0.003	0	0.003	0.003	529	164.671	283	775	
3	4	6	48	2	4	206	91430	205	90961	0.003	0	0.003	0.003	443.712	24.0241	421	469	
3	4	4	49	10	4	100	13300	100	13300	0.003	0	0.003	0.003	133	0	133	133	
3	4	5	50	1	4	126	19366	125	19233	0.003504	0.0018167	0.003	0.01	153.864	52.5764	133	309	
3	4	1	51	13	4	76	16492	77	16709	0.003	0	0.003	0.003	217	0	217	217	
3	4	5	52	4	4	92	9323	89	8976	0.003	0	0.003	0.003	100.854	25.4181	80	133	
3	4	3	53	11	4	103	22350	103	22350	0.003	0	0.003	0.003	216.99	0.0985329	216	217	
3	4	4	54	3	4	106	32754	106	32754	0.003	0	0.003	0.003	309	0	309	309	
3	4	3	55	12	4	112	9071	110	8909	0.003	0	0.003	0.003	80.9909	0.0953463	80	81	
3	4	3	56	9	4	101	13601	100	13468	0.003	0	0.003	0.003	134.68	11.8192	133	217	
3	4	3	57	10	4	102	13566	101	13433	0.003	0	0.003	0.003	133	0	133	133	
3	4	2	58	2	4	193	90516	194	90985	0.003	0	0.003	0.003	468.995	0.0717958	468	469	
3	4	3	59	4	4	115	67887	115	67887	0.003	0	0.003	0.003	590.322	28.5889	469	597	
3	4	7	60	8	4	65	20757	65	20757	0.003	0	0.003	0.003	319.338	32.6718	309	421	
3	4	7	61	2	4	60	20892	60	20892	0.003	0	0.003	0.003	348.2	53.8714	309	421	
3	4	7	62	9	4	72	33768	72	33768	0.003	0	0.003	0.003	469	0	469	469	
3	4	9	63	9	4	100	28404	99	28095	0.00328283	0.00138535	0.003	0.01	283.788	51.3188	217	421	
3	4	7	64	18	4	65	20757	64	20448	0.003	0	0.003	0.003	319.5	32.9039	309	421	
3	4	4	65	13	4	113	64773	113	64773	0.003	0	0.003	0.003	573.212	50.011	469	597	
3	4	3	66	7	4	104	22568	103	22351	0.003	0	0.003	0.003	217	0	217	217	
3	4	4	67	20	4	99	13501	99	13501	0.003	0	0.003	0.003	136.374	16.6296	131	217	
3	4	7	68	10	4	77	80059	77	80059	0.003	0	0.003	0.003	1039.73	105.577	967	1191	
3	4	6	69	6	4	174	23980	173	23847	0.003	0	0.003	0.003	137.844	19.6138	133	217	
3	4	2	70	1	4	196	97171	196	97043	0.003	0	0.003	0.003	495.117	51.7098	469	597	
3	4	9	71	3	4	110	51670	110	51670	0.00306364	0.000667424	0.003	0.01	469.727	13.0735	421	597	
3	4	2	72	8	4	114	9234	106	8586	0.003	0	0.003	0.003	81	0	81	81	
3	4	9	73	16	4	97	12901	95	12635	0.003	0	0.003	0.003	133	0	133	133	
3	4	4	74	21	4	91	13699	91	13699	0.003	0	0.003	0.003	150.538	34.3305	133	217	
3	4	4	75	2	4	101	13433	100	13300	0.003	0	0.003	0.003	133	0	133	133	
3	4	6	76	4	4	188	58091	188	58091	0.003	0	0.003	0.003	308.995	0.0729325	308	309	
3	4	3	77	3	4	117	54873	118	55342	0.003	0	0.003	0.003	469	0	469	469	
3	4	8	78	1	4	350	106220	350	106220	0.0042	0.0048814	0.003	0.024	303.486	64.638	24	442	
3	4	5	79	9	4	166	99100	165	98503	0.003	0	0.003	0.003	596.988	0.1557	595	597	
3	4	2	80	4	4	175	54075	175	54075	0.003	0	0.003	0.003	309	0	309	309	
4	5	6	1	8	4	188	25256	187	25123	0.003	0	0.003	0.003	134.348	10.5821	133	217	
4	5	9	2	15	4	113	65285	113	65285	0.003	0	0.003	0.003	577.743	45.9644	469	597	
4	5	2	3	7	4	98	7938	89	7209	0.003	0	0.003	0.003	81	0	81	81	
4	5	3	4	8	4	99	21483	99	21483	0.003	0	0.003	0.003	217	0	217	217	
4	5	5	5	14	4	164	35588	163	35371	0.003	0	0.003	0.003	217	0	217	217	
4	5	1	6	10	4	80	33680	81	34101	0.003	0	0.003	0.003	421	0	421	421	
4	5	1	7	17	4	73	9709	72	9576	0.003	0	0.003	0.003	133	0	133	133	
4	5	1	8	14	4	84	65098	84	65098	0.003	0	0.003	0.003	774.976	0.218218	773	775	
4	5	7	9	1	4	72	33144	72	33144	0.003	0	0.003	0.003	460.333	18.5927	421	469	
4	5	7	10	25	4	62	8246	62	8246	0.003	0	0.003	0.003	133	0	133	133	
4	5	7	11	16	4	68	28868	68	28868	0.003	0	0.003	0.003	424.529	12.6213	421	469	
4	5	5	12	10	4	160	21280	160	21280	0.003	0	0.003	0.003	133	0	133	133	
4	5	9	13	2	4	98	21266	98	21266	0.003	0	0.003	0.003	217	0	217	217	
4	5	4	14	19	4	108	42220	109	42641	0.003	0	0.003	0.003	391.202	49.7207	309	421	
4	5	1	15	16	4	73	15841	73	15841	0.003	0	0.003	0.003	217	0	217	217	
4	5	1	16	18	4	72	9576	71	9443	0.003	0	0.003	0.003	133	0	133	133	
4	5	7	17	24	4	65	20085	65	20085	0.003	0	0.003	0.003	309	0	309	309	
4	5	7	18	3	4	58	8134	58	8134	0.003	0	0.003	0.003	140.241	23.7821	133	217	
4	5	9	19	4	4	100	30899	100	30899	0.003	0	0.003	0.003	308.99	0.1	308	309	
4	5	9	20	12	4	101	31208	101	31208	0.003	0	0.003	0.003	308.99	0.0995037	308	309	
4	5	1	21	3	4	73	15841	74	16058	0.003	0	0.003	0.003	217	0	217	217	
4	5	7	22	26	4	70	6034	69	5953	0.003	0	0.003	0.003	86.2754	15.815	81	133	
4	5	9	23	1	4	92	12740	91	12607	0.003	0	0.003	0.003	138.538	20.9615	133	217	
4	5	9	24	11	4	111	52059	111	52059	0.003	0	0.003	0.003	469	0	469	469	
4	5	2	25	6	4	172	105800	171	105709	0.003	0	0.003	0.003	618.181	390.011	91	967	
4	5	1	26	4	4	72	9576	71	9443	0.003	0	0.003	0.003	133	0	133	133	
4	5	6	27	3	4	199	61491	199	61491	0.003	0	0.003	0.003	309	0	309	309	
4	5	7	28	4	4	71	55025	71	55025	0.003	0	0.003	0.003	775	0	775	775	
4	5	1	29	2	4	81	34341	81	34341	0.003	0	0.003	0.003	423.963	11.6237	421	469	
4	5	3	30	2	4	109	45889	108	45468	0.003	0	0.003	0.003	421	0	421	421	
4	5	3	31	1	4	102	31518	102	31518	0.003	0	0.003	0.003	309	0	309	309	
4	5	7	32	22	4	59	9275	59	9275	0.003	0	0.003	0.003	157.203	38.3697	133	217	
4	5	1	33	11	4	81	34100	81	34100	0.003	0	0.003	0.003	420.988	0.111111	420	421	
4	5	8	34	3	4	293	106006	294	106643	0.00335714	0.00271985	0.003	0.024	362.731	96.7188	218	637	
4	5	7	35	23	4	62	13546	63	13763	0.003	0	0.003	0.003	218.46	11.5909	217	309	
4	5	5	36	13	4	158	19972	156	19706	0.003	0	0.003	0.003	126.321	17.4363	81	133	
4	5	5	37	7	4	160	21280	158	21014	0.003	0	0.003	0.003	133	0	133	133	
4	5	1	38	1	4	81	34101	80	33680	0.003	0	0.003	0.003	421	0	421	421	
4	5	4	39	11	4	108	33372	109	33681	0.003	0	0.003	0.003	309	0	309	309	
4	5	7	40	15	4	62	8246	61	8113	0.003	0	0.003	0.003	133	0	133	133	
4	5	2	41	3	4	158	66518	158	66518	0.003	0	0.003	0.003	421	0	421	421	
4	5	4	42	1	4	77	6237	71	5751	0.003	0	0.003	0.003	81	0	81	81	
4	5	1	43	12	4	83	49550	83	49550	0.003	0	0.003	0.003	596.988	0.109764	596	597	
4	5	7	44	11	4	69	33357	68	32888	0.00320588	0.0011915	0.003	0.01	483.647	57.5411	469	775	
4	5	9	45	10	4	91	12807	90	12674	0.00323333	0.00126358	0.003	0.01	140.822	36.4733	133	309	
4	5	1	46	15	4	73	20533	73	20533	0.003	0	0.003	0.003	281.274	42.5066	217	309	
4	5	8	47	2	4	199	105800	199	105800	0.003	0	0.003	0.003	531.658	246	283	775	
4	5	6	48	2	4	220	103180	220	103180	0.003	0	0.003	0.003	469	0	469	469	
4	5	4	49	10	4	104	13832	104	13832	0.003	0	0.003	0.003	133	0	133	133	
4	5	5	50	1	4	158	21182	159	21315	0.003	0	0.003	0.003	134.057	9.39111	133	217	
4	5	1	51	13	4	74	16058	74	16058	0.003	0	0.003	0.003	217	0	217	217	
4	5	8	52	4	4	203	16859	198	16454	0.003	0	0.003	0.003	83.101	10.265	81	133	
4	5	3	53	11	4	100	21700	100	21700	0.003	0	0.003	0.003	217	0	217	217	
4	5	4	54	3	4	109	33681	109	33681	0.003	0	0.003	0.003	309	0	309	309	
4	5	3	55	12	4	73	5913	70	5670	0.003	0	0.003	0.003	81	0	81	81	
4	5	3	56	9	4	98	13032	98	13032	0.003	0	0.003	0.003	132.98	0.202031	131	133	
4	5	3	57	10	4	97	12900	97	12900	0.003	0	0.003	0.003	132.99	0.101535	132	133	
4	5	2	58	2	4	164	76916	164	76916	0.003	0	0.003	0.003	469	0	469	469	
4	5	3	59	4	4	111	52571	111	52571	0.003	0	0.003	0.003	473.613	23.9648	469	597	
4	5	7	60	8	4	64	19888	64	19888	0.003	0	0.003	0.003	310.75	14	309	421	
4	5	7	61	2	4	64	20334	63	20025	0.003	0	0.003	0.003	317.857	30.5281	307	421	
4	5	7	62	9	4	72	33768	72	33768	0.003	0	0.003	0.003	469	0	469	469	
4	5	9	63	9	4	100	30900	101	31209	0.003	0	0.003	0.003	309	0	309	309	
4	5	7	64	18	4	64	19775	65	20084	0.003	0	0.003	0.003	308.985	0.124035	308	309	
4	5	4	65	13	4	120	56536	119	56067	0.003	0	0.003	0.003	471.151	16.5236	469	597	
4	5	3	66	7	4	99	21483	100	21700	0.003	0	0.003	0.003	217	0	217	217	
4	5	4	67	20	4	107	17003	106	16786	0.003	0	0.003	0.003	158.358	38.7456	133	217	
4	5	7	68	10	4	73	86943	73	86943	0.003	0	0.003	0.003	1191	0	1191	1191	
4	5	6	69	6	4	189	25221	186	24822	0.003	0	0.003	0.003	133.452	6.15918	133	217	
4	5	2	70	1	4	163	97311	164	97908	0.003	0	0.003	0.003	597	0	597	597	
4	5	9	71	3	4	106	45330	106	45330	0.00306604	0.0006799	0.003	0.01	427.642	33.6973	421	597	
4	5	2	72	8	4	104	8424	105	8505	0.003	0	0.003	0.003	81	0	81	81	
4	5	9	73	16	4	84	10496	84	10496	0.003	0	0.003	0.003	124.952	18.9202	81	133	
4	5	4	74	21	4	107	18599	107	18599	0.003	0	0.003	0.003	173.822	42.1811	133	217	
4	5	4	75	2	4	103	13699	103	13699	0.003	0	0.003	0.003	133	0	133	133	
4	5	6	76	4	4	204	68860	205	69169	0.003	0	0.003	0.003	337.41	48.851	309	421	
4	5	3	77	3	4	112	52528	112	52528	0.003	0	0.003	0.003	469	0	469	469	
4	5	8	78	1	4	292	89842	292	89842	0.00328767	0.00244516	0.003	0.024	307.678	31.7447	24	442	
4	5	5	79	9	4	180	103235	181	103832	0.003	0	0.003	0.003	573.657	49.5564	469	597	
4	5	2	80	4	4	141	36393	140	36176	0.003	0	0.003	0.003	258.4	45.9338	217	309	
5	6	6	1	8	4	181	24071	180	23938	0.003	0	0.003	0.003	132.989	0.149071	131	133	
5	6	9	2	15	4	114	68056	114	68056	0.003	0	0.003	0.003	596.982	0.187317	595	597	
5	6	2	3	7	4	107	8667	100	8100	0.003	0	0.003	0.003	81	0	81	81	
5	6	3	4	8	4	102	22134	101	21917	0.003	0	0.003	0.003	217	0	217	217	
5	6	5	5	14	4	160	28084	159	27951	0.003	0	0.003	0.003	175.792	42.1252	133	217	
5	6	1	6	10	4	76	31995	76	31995	0.003	0	0.003	0.003	420.987	0.114708	420	421	
5	6	1	7	17	4	67	9087	66	8954	0.00310606	0.00086164	0.003	0.01	135.667	21.6641	133	309	
5	6	1	8	14	4	78	60450	78	60450	0.003	0	0.003	0.003	775	0	775	775	
5	6	7	9	1	4	67	31423	67	31423	0.003	0	0.003	0.003	469	0	469	469	
5	6	7	10	25	4	58	7714	57	7581	0.003	0	0.003	0.003	133	0	133	133	
5	6	7	11	16	4	64	26944	64	26944	0.003	0	0.003	0.003	421	0	421	421	
5	6	5	12	10	4	167	22211	166	22078	0.003	0	0.003	0.003	133	0	133	133	
5	6	9	13	2	4	101	21917	101	21917	0.003	0	0.003	0.003	217	0	217	217	
5	6	4	14	19	4	134	41406	134	41406	0.003	0	0.003	0.003	309	0	309	309	
5	6	1	15	16	4	70	15190	69	14973	0.003	0	0.003	0.003	217	0	217	217	
5	6	1	16	18	4	68	9044	67	8911	0.003	0	0.003	0.003	133	0	133	133	
5	6	7	17	24	4	61	18848	61	18848	0.003	0	0.003	0.003	308.984	0.128037	308	309	
5	6	7	18	3	4	58	7714	58	7714	0.003	0	0.003	0.003	133	0	133	133	
5	6	9	19	4	4	104	32136	104	32136	0.003	0	0.003	0.003	309	0	309	309	
5	6	9	20	12	4	98	23290	98	23290	0.003	0	0.003	0.003	237.653	38.584	217	309	
5	6	1	21	3	4	69	14973	69	14973	0.003	0	0.003	0.003	217	0	217	217	
5	6	7	22	26	4	42	3674	41	3593	0.003	0	0.003	0.003	87.6341	29.6595	81	217	
5	6	9	23	1	4	100	13299	97	12900	0.003	0	0.003	0.003	132.99	0.101535	132	133	
5	6	9	24	11	4	111	50090	112	50559	0.003	0	0.003	0.003	451.42	23.2203	421	469	
5	6	2	25	6	4	125	105680	126	105771	0.003	0	0.003	0.003	839.452	359.551	91	1056	
5	6	1	26	4	4	67	8911	68	9044	0.003	0	0.003	0.003	133	0	133	133	
5	6	6	27	3	4	190	58709	190	58709	0.003	0	0.003	0.003	308.995	0.0725476	308	309	
5	6	7	28	4	4	70	59626	70	59626	0.003	0	0.003	0.003	851.8	63.1597	775	903	
5	6	1	29	2	4	76	31996	75	31575	0.003	0	0.003	0.003	421	0	421	421	
5	6	3	30	2	4	110	46310	111	46731	0.003	0	0.003	0.003	421	0	421	421	
5	6	3	31	1	4	110	38918	111	39227	0.003	0	0.003	0.003	353.396	55.0331	309	421	
5	6	7	32	22	4	58	7714	58	7714	0.003	0	0.003	0.003	133	0	133	133	
5	6	1	33	11	4	77	33137	77	33137	0.003	0	0.003	0.003	430.351	19.1351	421	469	
5	6	8	34	3	4	300	106000	300	106000	0.003	0	0.003	0.003	353.333	95.855	218	421	
5	6	7	35	23	4	56	9212	55	9079	0.003	0	0.003	0.003	165.073	41.1861	133	217	
5	6	5	36	13	4	167	22211	166	22078	0.003	0	0.003	0.003	133	0	133	133	
5	6	5	37	7	4	167	22211	167	22211	0.003	0	0.003	0.003	133	0	133	133	
5	6	1	38	1	4	75	31575	76	31996	0.003	0	0.003	0.003	421	0	421	421	
5	6	4	39	11	4	133	41097	133	41097	0.003	0	0.003	0.003	309	0	309	309	
5	6	7	40	15	4	58	7714	58	7714	0.003	0	0.003	0.003	133	0	133	133	
5	6	2	41	3	4	150	55310	150	55310	0.003	0	0.003	0.003	368.733	56.0626	309	421	
5	6	7	42	27	4	64	5184	62	5022	0.003	0	0.003	0.003	81	0	81	81	
5	6	1	43	12	4	78	46566	78	46566	0.003	0	0.003	0.003	597	0	597	597	
5	6	7	44	11	4	66	30954	67	31423	0.003	0	0.003	0.003	469	0	469	469	
5	6	9	45	10	4	99	13167	99	13167	0.003	0	0.003	0.003	133	0	133	133	
5	6	1	46	15	4	69	14973	69	14973	0.003	0	0.003	0.003	217	0	217	217	
5	6	8	47	2	4	200	105800	200	105800	0.003	0	0.003	0.003	529	246.617	283	775	
5	6	6	48	2	4	211	114178	211	114186	0.003	0	0.003	0.003	541.166	65.8729	327	597	
5	6	4	49	10	4	127	16891	127	16891	0.003	0	0.003	0.003	133	0	133	133	
5	6	5	50	1	4	145	18037	141	17557	0.003	0	0.003	0.003	124.518	19.2812	81	133	
5	6	1	51	13	4	69	14973	69	14973	0.003	0	0.003	0.003	217	0	217	217	
5	6	8	52	4	4	205	16605	202	16362	0.003	0	0.003	0.003	81	0	81	81	
5	6	3	53	11	4	101	21917	101	21917	0.003	0	0.003	0.003	217	0	217	217	
5	6	4	54	3	4	145	59700	144	59279	0.003	0	0.003	0.003	411.66	31.0612	309	421	
5	6	3	55	12	4	82	7942	82	7942	0.003	0	0.003	0.003	96.8537	24.0858	81	133	
5	6	3	56	9	4	73	6901	71	6687	0.003	0	0.003	0.003	94.1831	22.7824	81	133	
5	6	3	57	10	4	100	13300	98	13034	0.003	0	0.003	0.003	133	0	133	133	
5	6	2	58	2	4	159	68427	159	68427	0.003	0	0.003	0.003	430.358	19.0766	421	469	
5	6	3	59	4	4	111	49899	111	49899	0.003	0	0.003	0.003	449.541	23.6735	421	469	
5	6	7	60	8	4	61	18847	61	18847	0.003	0	0.003	0.003	308.967	0.256074	307	309	
5	6	7	61	2	4	59	18231	60	18540	0.003	0	0.003	0.003	309	0	309	309	
5	6	7	62	9	4	64	27328	64	27328	0.003	0	0.003	0.003	427	16	421	469	
5	6	9	63	9	4	104	32136	104	32136	0.003	0	0.003	0.003	309	0	309	309	
5	6	7	64	18	4	59	17771	59	17771	0.003	0	0.003	0.003	301.203	25.8422	217	309	
5	6	4	65	13	4	144	66910	145	67379	0.003	0	0.003	0.003	464.683	13.7572	421	469	
5	6	3	66	7	4	101	21917	101	21917	0.003	0	0.003	0.003	217	0	217	217	
5	6	4	67	20	4	130	28210	130	28210	0.003	0	0.003	0.003	217	0	217	217	
5	6	7	68	10	4	69	82178	69	82178	0.003	0	0.003	0.003	1190.99	0.120386	1190	1191	
5	6	6	69	6	4	181	24073	180	23940	0.003	0	0.003	0.003	133	0	133	133	
5	6	2	70	1	4	170	112491	170	112491	0.003	0	0.003	0.003	661.712	161.597	283	775	
5	6	9	71	3	4	111	46731	110	46310	0.003	0	0.003	0.003	421	0	421	421	
5	6	2	72	8	4	143	17875	140	17476	0.003	0	0.003	0.003	124.829	18.9926	81	133	
5	6	6	73	9	4	92	7452	91	7371	0.003	0	0.003	0.003	81	0	81	81	
5	6	4	74	21	4	130	28210	130	28210	0.003	0	0.003	0.003	217	0	217	217	
5	6	1	75	19	4	82	10912	81	10779	0.00308642	0.000777778	0.003	0.01	133.074	8.70887	81	191	
5	6	6	76	4	4	203	85463	203	85463	0.003	0	0.003	0.003	421	0	421	421	
5	6	3	77	3	4	110	47030	110	47030	0.003	0	0.003	0.003	427.545	16.5478	421	469	
5	6	8	78	1	4	295	91154	294	90845	0.003	0	0.003	0.003	308.997	0.0583212	308	309	
5	6	5	79	9	4	194	90986	194	90986	0.003	0	0.003	0.003	469	0	469	469	
5	6	2	80	4	4	146	31682	147	31899	0.003	0	0.003	0.003	217	0	217	217	
6	7	6	1	8	4	152	20216	150	19950	0.003	0	0.003	0.003	133	0	133	133	
6	7	9	2	15	4	130	98792	129	98017	0.003	0	0.003	0.003	759.822	49.9065	597	775	
6	7	2	3	7	4	101	8181	100	8100	0.003	0	0.003	0.003	81	0	81	81	
6	7	3	4	8	4	102	22134	103	22351	0.003	0	0.003	0.003	217	0	217	217	
6	7	5	5	14	4	169	22477	169	22477	0.003	0	0.003	0.003	133	0	133	133	
6	7	1	6	10	4	81	37029	80	36560	0.003	0	0.003	0.003	457	20.9157	421	469	
6	7	1	7	17	4	69	9177	69	9177	0.003	0	0.003	0.003	133	0	133	133	
6	7	1	8	14	4	78	55466	78	55466	0.003	0	0.003	0.003	711.103	85.9392	597	775	
6	7	7	9	1	4	66	30954	66	30954	0.003	0	0.003	0.003	469	0	469	469	
6	7	7	10	25	4	57	7581	57	7581	0.003	0	0.003	0.003	133	0	133	133	
6	7	7	11	16	4	64	26942	64	26942	0.003	0	0.003	0.003	420.969	0.25	419	421	
6	7	5	12	10	4	170	22609	165	21944	0.003	0	0.003	0.003	132.994	0.0778499	132	133	
6	7	9	13	2	4	106	18382	106	18382	0.003	0	0.003	0.003	173.415	42.1695	133	217	
6	7	4	14	19	4	135	36931	134	36714	0.003	0	0.003	0.003	273.985	44.8367	217	309	
6	7	1	15	16	4	66	9450	67	9667	0.003	0	0.003	0.003	144.284	28.8606	133	217	
6	7	1	16	18	4	70	9309	69	9176	0.003	0	0.003	0.003	132.986	0.120386	132	133	
6	7	7	17	24	4	60	18540	59	18231	0.003	0	0.003	0.003	309	0	309	309	
6	7	7	18	3	4	58	7714	56	7448	0.003	0	0.003	0.003	133	0	133	133	
6	7	9	19	4	4	119	37219	119	37219	0.003	0	0.003	0.003	312.765	20.2713	309	421	
6	7	9	20	12	4	112	24304	112	24304	0.003	0	0.003	0.003	217	0	217	217	
6	7	1	21	3	4	71	15407	71	15407	0.003	0	0.003	0.003	217	0	217	217	
6	7	7	22	26	4	43	3483	43	3483	0.003	0	0.003	0.003	81	0	81	81	
6	7	9	23	1	4	109	14497	110	14630	0.003	0	0.003	0.003	133	0	133	133	
6	7	9	24	11	4	123	51783	122	51362	0.003	0	0.003	0.003	421	0	421	421	
6	7	2	25	6	4	100	105600	100	105600	0.003	0	0.003	0.003	1056	0	1056	1056	
6	7	2	26	9	4	103	13647	102	13514	0.003	0	0.003	0.003	132.49	5.14877	81	133	
6	7	6	27	3	4	150	37702	150	37702	0.003	0	0.003	0.003	251.347	44.6485	217	309	
6	7	7	28	4	4	69	64867	69	64867	0.003	0	0.003	0.003	940.101	31.8222	903	967	
6	7	1	29	2	4	77	32417	78	32838	0.003	0	0.003	0.003	421	0	421	421	
6	7	3	30	2	4	105	37149	105	37149	0.003	0	0.003	0.003	353.8	55.1317	309	421	
6	7	3	31	1	4	112	47152	112	47152	0.003	0	0.003	0.003	421	0	421	421	
6	7	7	32	22	4	57	7581	57	7581	0.003	0	0.003	0.003	133	0	133	133	
6	7	1	33	11	4	80	37520	80	37520	0.003	0	0.003	0.003	469	0	469	469	
6	7	8	34	3	4	253	97717	253	97717	0.003	0	0.003	0.003	386.233	76.1982	218	421	
6	7	7	35	23	4	57	7581	57	7581	0.003	0	0.003	0.003	133	0	133	133	
6	7	5	36	13	4	169	22475	167	22209	0.003	0	0.003	0.003	132.988	0.154765	131	133	
6	7	5	37	7	4	170	22610	165	21945	0.003	0	0.003	0.003	133	0	133	133	
6	7	1	38	1	4	81	36740	81	36740	0.003	0	0.003	0.003	453.58	22.5404	421	469	
6	7	4	39	11	4	154	61473	154	61473	0.003	0	0.003	0.003	399.175	44.4993	309	421	
6	7	7	40	15	4	57	7581	57	7581	0.003	0	0.003	0.003	133	0	133	133	
6	7	2	41	3	4	145	44805	144	44496	0.003	0	0.003	0.003	309	0	309	309	
6	7	7	42	27	4	43	3483	43	3483	0.003	0	0.003	0.003	81	0	81	81	
6	7	1	43	12	4	78	43750	78	43750	0.003	0	0.003	0.003	560.897	57.9726	469	597	
6	7	7	44	11	4	64	27856	64	27856	0.003	0	0.003	0.003	435.25	22.1037	421	469	
6	7	8	45	5	4	157	20756	155	20490	0.003	0	0.003	0.003	132.194	7.17689	60	133	
6	7	1	46	15	4	67	13699	67	13699	0.003	0	0.003	0.003	204.463	30.1583	133	217	
6	7	8	47	2	4	199	105800	199	105800	0.003	0	0.003	0.003	531.658	246	283	775	
6	7	6	48	2	4	178	105577	179	106038	0.003	0	0.003	0.003	592.391	123.049	283	775	
6	7	4	49	10	4	135	17955	135	17955	0.003	0	0.003	0.003	133	0	133	133	
6	7	5	50	1	4	125	10125	124	10044	0.003	0	0.003	0.003	81	0	81	81	
6	7	1	51	13	4	71	15407	71	15407	0.003	0	0.003	0.003	217	0	217	217	
6	7	8	52	4	4	216	24878	209	24051	0.003	0	0.003	0.003	115.077	24.7733	80	133	
6	7	3	53	11	4	108	32544	108	32544	0.003	0	0.003	0.003	301.333	25.546	217	309	
6	7	4	54	3	4	151	63571	151	63571	0.003	0	0.003	0.003	421	0	421	421	
6	7	3	55	12	4	101	13433	100	13300	0.003	0	0.003	0.003	133	0	133	133	
6	7	6	56	10	4	95	7695	93	7533	0.003	0	0.003	0.003	81	0	81	81	
6	7	3	57	10	4	100	13300	100	13300	0.003	0	0.003	0.003	133	0	133	133	
6	7	2	58	2	4	154	64833	154	64833	0.003	0	0.003	0.003	420.994	0.0805823	420	421	
6	7	3	59	4	4	113	47573	112	47152	0.003	0	0.003	0.003	421	0	421	421	
6	7	7	60	8	4	60	18540	60	18540	0.003	0	0.003	0.003	309	0	309	309	
6	7	7	61	2	4	57	12369	57	12369	0.003	0	0.003	0.003	217	0	217	217	
6	7	7	62	9	4	63	26523	63	26523	0.003	0	0.003	0.003	421	0	421	421	
6	7	9	63	9	4	115	35535	115	35535	0.003	0	0.003	0.003	309	0	309	309	
6	7	7	64	18	4	58	12586	58	12586	0.003	0	0.003	0.003	217	0	217	217	
6	7	4	65	13	4	151	63569	151	63569	0.003	0	0.003	0.003	420.987	0.162758	419	421	
6	7	3	66	7	4	103	22351	102	22134	0.003	0	0.003	0.003	217	0	217	217	
6	7	4	67	20	4	137	29729	138	29946	0.003	0	0.003	0.003	217	0	217	217	
6	7	7	68	10	4	67	79797	67	79797	0.003	0	0.003	0.003	1191	0	1191	1191	
6	7	6	69	6	4	151	20083	152	20216	0.003	0	0.003	0.003	133	0	133	133	
6	7	2	70	1	4	159	105537	159	105537	0.003	0	0.003	0.003	663.755	185.916	283	775	
6	7	9	71	3	4	122	51362	123	51783	0.003	0	0.003	0.003	421	0	421	421	
6	7	2	72	8	4	138	18354	136	18088	0.003	0	0.003	0.003	133	0	133	133	
6	7	6	73	9	4	148	17862	144	17330	0.003	0	0.003	0.003	120.347	22.3748	81	133	
6	7	4	74	21	4	137	29729	137	29729	0.003	0	0.003	0.003	217	0	217	217	
6	7	1	75	19	4	70	9310	70	9310	0.003	0	0.003	0.003	133	0	133	133	
6	7	6	76	4	4	170	71569	169	71148	0.003	0	0.003	0.003	420.994	0.0769231	420	421	
6	7	3	77	3	4	112	47152	112	47152	0.003	0	0.003	0.003	421	0	421	421	
6	7	8	78	1	4	239	73851	240	74160	0.003	0	0.003	0.003	309	0	309	309	
6	7	5	79	9	4	197	92393	197	92393	0.003	0	0.003	0.003	469	0	469	469	
6	7	2	80	4	4	141	30597	140	30380	0.003	0	0.003	0.003	217	0	217	217	
7	8	6	1	8	4	138	18354	135	17955	0.003	0	0.003	0.003	133	0	133	133	
7	8	9	2	15	4	134	103850	134	103850	0.003	0	0.003	0.003	775	0	775	775	
7	8	2	3	7	4	95	7694	92	7451	0.003	0	0.003	0.003	80.9891	0.104257	80	81	
7	8	3	4	8	4	107	23219	107	23219	0.003	0	0.003	0.003	217	0	217	217	
7	8	5	5	14	4	185	24605	183	24339	0.003	0	0.003	0.003	133	0	133	133	
7	8	1	6	10	4	82	38456	82	38456	0.003	0	0.003	0.003	468.976	0.220863	467	469	
7	8	1	7	17	4	71	9441	71	9441	0.003	0	0.003	0.003	132.972	0.237356	131	133	
7	8	1	8	14	4	82	48952	82	48952	0.003	0	0.003	0.003	596.976	0.220863	595	597	
7	8	7	9	1	4	67	31807	67	31807	0.003	0	0.003	0.003	474.731	26.6717	469	597	
7	8	7	10	25	4	58	7714	58	7714	0.003	0	0.003	0.003	133	0	133	133	
7	8	7	11	16	4	64	26944	64	26944	0.003	0	0.003	0.003	421	0	421	421	
7	8	5	12	10	4	184	24472	184	24472	0.003	0	0.003	0.003	133	0	133	133	
7	8	9	13	2	4	116	15428	116	15428	0.003	0	0.003	0.003	133	0	133	133	
7	8	4	14	19	4	137	29729	138	29946	0.003	0	0.003	0.003	217	0	217	217	
7	8	1	15	16	4	71	9443	71	9443	0.003	0	0.003	0.003	133	0	133	133	
7	8	1	16	18	4	75	14175	76	14308	0.003	0	0.003	0.003	188.263	40.1156	133	217	
7	8	7	17	24	4	60	18540	60	18540	0.003	0	0.003	0.003	309	0	309	309	
7	8	7	18	3	4	57	7581	56	7448	0.003	0	0.003	0.003	133	0	133	133	
7	8	9	19	4	4	130	54729	130	54729	0.003	0	0.003	0.003	420.992	0.0877058	420	421	
7	8	9	20	12	4	118	25606	118	25606	0.003	0	0.003	0.003	217	0	217	217	
7	8	1	21	3	4	76	19436	76	19436	0.003	0	0.003	0.003	255.737	45.7248	217	309	
7	8	7	22	26	4	43	3483	43	3483	0.003	0	0.003	0.003	81	0	81	81	
7	8	9	23	1	4	116	15428	115	15295	0.003	0	0.003	0.003	133	0	133	133	
7	8	9	24	11	4	129	54309	130	54730	0.003	0	0.003	0.003	421	0	421	421	
7	8	2	25	6	4	100	105600	100	105600	0.003	0	0.003	0.003	1056	0	1056	1056	
7	8	2	26	9	4	127	16890	127	16890	0.003	0	0.003	0.003	132.992	0.0887357	132	133	
7	8	6	27	3	4	141	30597	140	30380	0.003	0	0.003	0.003	217	0	217	217	
7	8	7	28	4	4	68	65756	68	65756	0.003	0	0.003	0.003	967	0	967	967	
7	8	1	29	2	4	80	33680	79	33259	0.003	0	0.003	0.003	421	0	421	421	
7	8	3	30	2	4	110	33990	110	33990	0.003	0	0.003	0.003	309	0	309	309	
7	8	3	31	1	4	117	49256	117	49256	0.003	0	0.003	0.003	420.991	0.09245	420	421	
7	8	7	32	22	4	58	7714	57	7581	0.003	0	0.003	0.003	133	0	133	133	
7	8	1	33	11	4	82	38458	82	38458	0.003	0	0.003	0.003	469	0	469	469	
7	8	8	34	3	4	194	81674	194	81674	0.003	0	0.003	0.003	421	0	421	421	
7	8	7	35	23	4	52	6812	52	6812	0.003	0	0.003	0.003	131	10.0976	81	133	
7	8	5	36	13	4	185	24605	185	24605	0.003	0	0.003	0.003	133	0	133	133	
7	8	5	37	7	4	184	24472	183	24339	0.003	0	0.003	0.003	133	0	133	133	
7	8	1	38	1	4	82	38458	82	38458	0.003	0	0.003	0.003	469	0	469	469	
7	8	4	39	11	4	151	63571	150	63150	0.003	0	0.003	0.003	421	0	421	421	
7	8	7	40	15	4	57	7581	56	7448	0.003	0	0.003	0.003	133	0	133	133	
7	8	2	41	3	4	133	41097	134	41406	0.003	0	0.003	0.003	309	0	309	309	
7	8	7	42	27	4	43	3483	42	3402	0.003	0	0.003	0.003	81	0	81	81	
7	8	1	43	12	4	82	38458	82	38458	0.003	0	0.003	0.003	469	0	469	469	
7	8	7	44	11	4	64	26942	63	26521	0.003	0	0.003	0.003	420.968	0.251976	419	421	
7	8	8	45	5	4	173	23009	172	22876	0.003	0	0.003	0.003	133	0	133	133	
7	8	1	46	15	4	71	9443	70	9310	0.003	0	0.003	0.003	133	0	133	133	
7	8	8	47	2	4	194	105800	194	105800	0.003	0	0.003	0.003	545.361	242.326	283	775	
7	8	6	48	2	4	160	105804	160	105804	0.003	0	0.003	0.003	661.275	171.968	283	775	
7	8	4	49	10	4	135	17955	134	17822	0.003	0	0.003	0.003	133	0	133	133	
7	8	8	50	6	4	134	10854	129	10449	0.003	0	0.003	0.003	81	0	81	81	
7	8	1	51	13	4	72	15624	72	15624	0.003	0	0.003	0.003	217	0	217	217	
7	8	8	52	4	4	173	23009	171	22743	0.003	0	0.003	0.003	133	0	133	133	
7	8	3	53	11	4	110	33990	110	33990	0.003	0	0.003	0.003	309	0	309	309	
7	8	4	54	3	4	150	63149	151	63570	0.003	0	0.003	0.003	420.993	0.0813788	420	421	
7	8	3	55	12	4	105	13963	101	13433	0.003	0	0.003	0.003	133	0	133	133	
7	8	6	56	10	4	127	14239	127	14239	0.003	0	0.003	0.003	112.118	25.5922	81	133	
7	8	3	57	10	4	105	13965	105	13965	0.003	0	0.003	0.003	133	0	133	133	
7	8	2	58	2	4	142	59782	142	59782	0.003	0	0.003	0.003	421	0	421	421	
7	8	3	59	4	4	117	49257	118	49678	0.003	0	0.003	0.003	421	0	421	421	
7	8	7	60	8	4	60	18540	60	18540	0.003	0	0.003	0.003	309	0	309	309	
7	8	7	61	2	4	59	12803	59	12803	0.003	0	0.003	0.003	217	0	217	217	
7	8	7	62	9	4	64	26944	64	26944	0.003	0	0.003	0.003	421	0	421	421	
7	8	9	63	9	4	127	41595	126	41174	0.003	0	0.003	0.003	326.778	41.0909	309	421	
7	8	7	64	18	4	58	12586	58	12586	0.003	0	0.003	0.003	217	0	217	217	
7	8	4	65	13	4	151	63571	151	63571	0.003	0	0.003	0.003	421	0	421	421	
7	8	3	66	7	4	112	29364	112	29272	0.003	0	0.003	0.003	261.357	46.1773	217	309	
7	8	4	67	20	4	138	29946	137	29729	0.003	0	0.003	0.003	217	0	217	217	
7	8	7	68	10	4	68	80988	68	80988	0.003	0	0.003	0.003	1191	0	1191	1191	
7	8	6	69	6	4	138	18354	138	18354	0.003	0	0.003	0.003	133	0	133	133	
7	8	2	70	1	4	156	106085	155	105775	0.003	0	0.003	0.003	682.419	275.291	155	903	
7	8	9	71	3	4	130	54729	130	54729	0.003	0	0.003	0.003	420.992	0.0877058	420	421	
7	8	2	72	8	4	127	16890	127	16890	0.003	0	0.003	0.003	132.992	0.0887357	132	133	
7	8	6	73	9	4	138	18354	136	18088	0.003	0	0.003	0.003	133	0	133	133	
7	8	4	74	21	4	138	29946	138	29946	0.003	0	0.003	0.003	217	0	217	217	
7	8	1	75	19	4	74	10850	74	10850	0.003	0	0.003	0.003	146.622	31.1737	133	217	
7	8	6	76	4	4	158	68822	158	68774	0.003	0	0.003	0.003	435.278	22.0127	421	469	
7	8	3	77	3	4	117	49255	117	49255	0.003	0	0.003	0.003	420.983	0.1849	419	421	
7	8	8	78	1	4	183	56547	182	56238	0.003	0	0.003	0.003	309	0	309	309	
7	8	5	79	9	4	211	98191	210	97770	0.003	0	0.003	0.003	465.571	12.3914	421	469	
7	8	2	80	4	4	120	16632	120	16716	0.003	0	0.003	0.003	139.3	22.2176	133	217	
8	9	6	1	8	4	108	11451	107	11318	0.003	0	0.003	0.003	105.776	26.103	80	133	
8	9	9	2	15	4	134	103850	135	104625	0.003	0	0.003	0.003	775	0	775	775	
8	9	2	3	7	4	110	13382	109	13301	0.003	0	0.003	0.003	122.028	21.3153	81	133	
8	9	3	4	8	4	109	23653	109	23653	0.003	0	0.003	0.003	217	0	217	217	
8	9	5	5	14	4	205	27265	203	26999	0.003	0	0.003	0.003	133	0	133	133	
8	9	1	6	10	4	86	40334	87	40803	0.003	0	0.003	0.003	469	0	469	469	
8	9	1	7	17	4	76	10108	76	10108	0.003	0	0.003	0.003	133	0	133	133	
8	9	1	8	14	4	87	51939	86	51342	0.003	0	0.003	0.003	597	0	597	597	
8	9	7	9	1	4	65	38805	65	38805	0.003	0	0.003	0.003	597	0	597	597	
8	9	7	10	25	4	57	7581	56	7448	0.003	0	0.003	0.003	133	0	133	133	
8	9	7	11	16	4	59	22487	59	22487	0.003	0	0.003	0.003	381.136	54.0853	309	421	
8	9	5	12	10	4	153	15097	152	15016	0.003	0	0.003	0.003	98.7895	24.7511	81	133	
8	9	9	13	2	4	117	15561	115	15295	0.003	0	0.003	0.003	133	0	133	133	
8	9	4	14	19	4	131	27335	131	27335	0.003	0	0.003	0.003	208.664	25.2107	133	217	
8	9	1	15	16	4	75	9975	75	9975	0.003	0	0.003	0.003	133	0	133	133	
8	9	1	16	18	4	76	16492	76	16492	0.003	0	0.003	0.003	217	0	217	217	
8	9	7	17	24	4	63	23722	64	24031	0.003	0	0.003	0.003	375.484	55.4288	309	421	
8	9	7	18	3	4	57	7581	56	7448	0.003	0	0.003	0.003	133	0	133	133	
8	9	9	19	4	4	131	55151	130	54730	0.003	0	0.003	0.003	421	0	421	421	
8	9	9	20	12	4	119	25823	119	25823	0.003	0	0.003	0.003	217	0	217	217	
8	9	1	21	3	4	79	24411	78	24102	0.003	0	0.003	0.003	309	0	309	309	
8	9	7	22	26	4	58	7558	57	7425	0.003	0	0.003	0.003	130.263	11.7147	81	133	
8	9	9	23	1	4	117	15561	115	15295	0.003	0	0.003	0.003	133	0	133	133	
8	9	9	24	11	4	131	55151	131	55151	0.003	0	0.003	0.003	421	0	421	421	
8	9	2	25	6	4	100	105600	100	105600	0.003	0	0.003	0.003	1056	0	1056	1056	
8	9	2	26	9	4	113	15029	112	14896	0.003	0	0.003	0.003	133	0	133	133	
8	9	6	27	3	4	142	30814	142	30814	0.003	0	0.003	0.003	217	0	217	217	
8	9	7	28	4	4	68	65756	67	64789	0.003	0	0.003	0.003	967	0	967	967	
8	9	1	29	2	4	77	26369	78	26790	0.003	0	0.003	0.003	343.462	52.0269	309	421	
8	9	3	30	2	4	112	34608	112	34608	0.003	0	0.003	0.003	309	0	309	309	
8	9	3	31	1	4	119	50099	119	50099	0.003	0	0.003	0.003	421	0	421	421	
8	9	7	32	22	4	57	7581	56	7448	0.003	0	0.003	0.003	133	0	133	133	
8	9	1	33	11	4	87	40803	87	40803	0.003	0	0.003	0.003	469	0	469	469	
8	9	8	34	3	4	185	77884	184	77463	0.003	0	0.003	0.003	420.995	0.073721	420	421	
8	9	7	35	23	4	43	3483	42	3402	0.003	0	0.003	0.003	81	0	81	81	
8	9	5	36	13	4	206	27398	204	27132	0.003	0	0.003	0.003	133	0	133	133	
8	9	5	37	7	4	206	27398	202	26866	0.003	0	0.003	0.003	133	0	133	133	
8	9	1	38	1	4	88	48824	88	48824	0.003	0	0.003	0.003	554.818	60.511	469	597	
8	9	4	39	11	4	151	63571	152	63992	0.003	0	0.003	0.003	421	0	421	421	
8	9	7	40	15	4	61	12397	61	12397	0.003	0	0.003	0.003	203.23	31.3562	133	217	
8	9	2	41	3	4	112	30376	112	30376	0.003	0	0.003	0.003	271.214	45.4641	217	309	
8	9	7	42	27	4	43	3483	42	3402	0.003	0	0.003	0.003	81	0	81	81	
8	9	1	43	12	4	87	40802	87	40802	0.003	0	0.003	0.003	468.989	0.107211	468	469	
8	9	7	44	11	4	63	26523	64	26944	0.003	0	0.003	0.003	421	0	421	421	
8	9	8	45	5	4	165	21945	164	21812	0.003	0	0.003	0.003	133	0	133	133	
8	9	2	46	10	4	103	13647	102	13514	0.003	0	0.003	0.003	132.49	5.14877	81	133	
8	9	8	47	2	4	190	105025	191	105800	0.003	0	0.003	0.003	553.927	239.6	283	775	
8	9	6	48	2	4	169	105928	169	105928	0.003	0	0.003	0.003	626.793	299.819	155	903	
8	9	4	49	10	4	136	18088	130	17290	0.003	0	0.003	0.003	133	0	133	133	
8	9	8	50	6	4	122	9882	117	9477	0.003	0	0.003	0.003	81	0	81	81	
8	9	1	51	13	4	77	16709	77	16709	0.003	0	0.003	0.003	217	0	217	217	
8	9	8	52	4	4	165	21945	163	21679	0.003	0	0.003	0.003	133	0	133	133	
8	9	3	53	11	4	112	34607	112	34607	0.003	0	0.003	0.003	308.991	0.0944911	308	309	
8	9	4	54	3	4	155	67223	155	67223	0.003	0	0.003	0.003	433.697	21.2402	421	469	
8	9	3	55	12	4	107	14231	106	14096	0.003	0	0.003	0.003	132.981	0.194257	131	133	
8	9	6	56	10	4	140	18620	140	18620	0.003	0	0.003	0.003	133	0	133	133	
8	9	3	57	10	4	107	14231	107	14231	0.003	0	0.003	0.003	133	0	133	133	
8	9	2	58	2	4	126	53046	125	52625	0.003	0	0.003	0.003	421	0	421	421	
8	9	3	59	4	4	109	35361	108	35052	0.003	0	0.003	0.003	324.556	38.9136	309	421	
8	9	7	60	8	4	60	18540	60	18540	0.003	0	0.003	0.003	309	0	309	309	
8	9	7	61	2	4	58	12585	58	12585	0.003	0	0.003	0.003	216.983	0.131306	216	217	
8	9	7	62	9	4	63	26523	63	26523	0.003	0	0.003	0.003	421	0	421	421	
8	9	9	63	9	4	130	54729	131	55150	0.003	0	0.003	0.003	420.992	0.0873704	420	421	
8	9	7	64	18	4	58	12585	58	12585	0.003	0	0.003	0.003	216.983	0.131306	216	217	
8	9	4	65	13	4	151	63570	151	63570	0.003	0	0.003	0.003	420.993	0.0813788	420	421	
8	9	3	66	7	4	111	34299	112	34608	0.003	0	0.003	0.003	309	0	309	309	
8	9	4	67	20	4	138	29946	138	29946	0.003	0	0.003	0.003	217	0	217	217	
8	9	7	68	10	4	67	64789	67	64789	0.003	0	0.003	0.003	967	0	967	967	
8	9	6	69	6	4	140	18620	139	18487	0.003	0	0.003	0.003	133	0	133	133	
8	9	2	70	1	4	135	105527	136	105837	0.003	0	0.003	0.003	778.213	287.052	91	967	
8	9	9	71	3	4	121	41869	120	41560	0.003	0	0.003	0.003	346.333	53.0187	309	421	
8	9	2	72	8	4	118	22162	117	21945	0.003	0	0.003	0.003	187.564	40.2491	133	217	
8	9	6	73	9	4	140	18620	139	18487	0.003	0	0.003	0.003	133	0	133	133	
8	9	4	74	21	4	138	29946	138	29946	0.003	0	0.003	0.003	217	0	217	217	
8	9	1	75	19	4	76	16492	76	16492	0.003	0	0.003	0.003	217	0	217	217	
8	9	6	76	4	4	161	75509	162	75978	0.003	0	0.003	0.003	469	0	469	469	
8	9	3	77	3	4	114	45194	114	45194	0.003	0	0.003	0.003	396.439	46.547	309	421	
8	9	8	78	1	4	173	53456	173	53456	0.003	0	0.003	0.003	308.994	0.0760286	308	309	
8	9	5	79	9	4	230	96828	231	97249	0.003	0	0.003	0.003	420.991	0.13159	419	421	
8	9	2	80	4	4	112	14896	111	14763	0.003	0	0.003	0.003	133	0	133	133	
