% start	end	CellId	TxBytes	RxBytes
0	1	5	64012	63480
0	1	2	44124	38923
0	1	4	46390	42166
0	1	2	40914	39060
0	1	1	97190	97190
0	1	4	44847	37206
0	1	1	30409	29975
0	1	4	52259	49086
0	1	2	25321	24900
0	1	4	68372	63547
0	1	1	82003	82003
0	1	1	36951	36642
0	1	2	19671	19671
0	1	1	31086	31086
0	1	4	67452	53719
0	1	2	53202	52893
0	1	1	28623	28623
0	1	2	63833	56189
0	1	1	39968	39547
0	1	4	62151	54507
0	1	2	31059	30132
0	1	1	34104	34104
0	1	1	36306	36306
0	1	5	65716	63468
0	1	1	56632	56632
0	1	5	63727	62137
0	1	4	88279	81164
0	1	4	27358	26872
0	1	2	54535	52212
0	1	1	68729	68729
1	2	5	105800	105800
1	2	2	35836	35836
1	2	4	36817	36508
1	2	2	51780	51183
1	2	1	103469	103469
1	2	4	32421	32421
1	2	1	19747	19747
1	2	4	53046	53046
1	2	2	52225	52646
1	2	4	74612	75209
1	2	1	74118	74118
1	2	1	25871	26180
1	2	2	98425	97650
1	2	1	20226	20226
1	2	4	60970	60970
1	2	2	35535	35844
1	2	1	21762	21762
1	2	2	51783	51783
1	2	1	31019	31440
1	2	4	53046	52625
1	2	2	40802	40802
1	2	1	29046	29046
1	2	1	23182	22873
1	2	5	105800	105800
1	2	1	49076	49076
1	2	5	105800	105800
1	2	4	99975	100750
1	2	4	41421	41421
1	2	2	90667	89892
1	2	1	62087	61490
2	3	5	105800	105800
2	3	2	37126	36817
2	3	4	43516	43404
2	3	2	56117	56117
2	3	1	97780	97780
2	3	4	25645	25336
2	3	1	19964	19747
2	3	4	52625	52204
2	3	2	56380	56380
2	3	4	71217	71217
2	3	1	65144	64369
2	3	1	22998	22689
2	3	2	99200	99975
2	3	1	22873	22873
2	3	4	60544	60544
2	3	2	36153	36153
2	3	1	19681	19681
2	3	2	52204	52204
2	3	1	33039	33039
2	3	4	52202	52623
2	3	2	44086	43617
2	3	1	29046	29046
2	3	1	20068	20377
2	3	5	105684	104719
2	3	1	61020	61020
2	3	5	106079	106854
2	3	4	99968	99968
2	3	4	42634	42634
2	3	2	93964	94142
2	3	1	63772	64369
3	4	5	105798	105798
3	4	2	29422	29731
3	4	4	47693	48114
3	4	2	53034	52128
3	4	1	96735	96735
3	4	5	33692	33117
3	4	1	19639	19639
3	4	4	55992	56413
3	4	2	58002	58002
3	4	4	70625	70625
3	4	1	72316	73091
3	4	1	23524	23833
3	4	2	103850	103075
3	4	1	23524	23524
3	4	4	56253	56253
3	4	2	37389	37389
3	4	1	19529	19095
3	4	2	54308	54308
3	4	1	29961	29961
3	4	4	56414	55993
3	4	2	43697	44166
3	4	1	28428	28119
3	4	1	19311	19311
3	4	5	105600	106656
3	4	1	60297	60297
3	4	5	105798	105798
3	4	4	106950	106950
3	4	4	42911	42602
3	4	2	79557	80154
3	4	1	67321	67321
4	5	5	105800	105800
4	5	2	23653	23653
4	5	4	42753	42753
4	5	2	34608	34608
4	5	1	111383	110608
4	5	5	63125	62425
4	5	4	14626	14143
4	5	4	45047	45047
4	5	2	50098	50098
4	5	4	52059	52059
4	5	1	86647	86050
4	5	2	10662	10121
4	5	2	95324	96099
4	5	1	30135	30135
4	5	4	45468	45468
4	5	2	34607	34607
4	5	4	14484	14169
4	5	2	50520	50099
4	5	1	38625	38625
4	5	4	45047	45468
4	5	2	34608	34608
4	5	1	38625	38934
4	5	4	20188	19838
4	5	5	105724	105724
4	5	1	82385	82385
4	5	5	105800	105800
4	5	4	86024	86024
4	5	4	31209	31209
4	5	2	77358	77358
4	5	1	82386	82386
5	6	5	105800	105800
5	6	2	32315	32315
5	6	4	43363	43363
5	6	2	34608	34917
5	6	1	106114	106889
5	6	5	86800	86583
5	6	4	12369	11970
5	6	4	43784	43784
5	6	2	50520	50520
5	6	4	50183	50183
5	6	1	85371	85968
5	6	1	12086	11438
5	6	2	96100	96100
5	6	1	32704	32704
5	6	4	43363	43363
5	6	2	34917	34608
5	6	4	12236	11970
5	6	2	50520	50520
5	6	1	40479	40170
5	6	4	45068	45068
5	6	2	30519	30519
5	6	1	40169	40169
5	6	4	16791	16791
5	6	5	105800	105800
5	6	1	85967	85370
5	6	5	105800	105800
5	6	4	82925	82150
5	6	4	29973	29973
5	6	2	96099	96099
5	6	1	85967	85967
6	7	5	105800	105800
6	7	2	37080	37080
6	7	4	43362	43362
6	7	2	43190	43190
6	7	1	106548	105645
6	7	5	107632	107415
6	7	4	12103	11970
6	7	4	42941	42941
6	7	2	53888	53467
6	7	4	56540	56540
6	7	1	78207	78207
6	7	1	25172	24955
6	7	2	102300	101525
6	7	1	24955	24955
6	7	4	43363	42942
6	7	2	36771	37080
6	7	4	12236	12103
6	7	2	53466	53887
6	7	1	36462	36771
6	7	4	43806	43806
6	7	2	25172	25172
6	7	1	36771	36771
6	7	4	18109	17675
6	7	5	105608	105608
6	7	1	77610	78207
6	7	5	105800	105800
6	7	4	82150	82150
6	7	4	29664	29973
6	7	2	102300	102300
6	7	1	84207	84207
7	8	5	105800	105800
7	8	2	25066	25066
7	8	4	42521	42521
7	8	2	52625	52625
7	8	1	105052	105955
7	8	5	107415	107415
7	8	4	12524	12258
7	8	4	43784	43784
7	8	2	54618	55039
7	8	4	59869	59400
7	8	1	79998	79998
7	8	1	25823	25823
7	8	2	97649	98424
7	8	2	22280	21982
7	8	4	43362	43783
7	8	2	36462	36153
7	8	4	12389	12389
7	8	2	52625	52625
7	8	1	38007	37698
7	8	4	43784	43784
7	8	2	24955	24738
7	8	1	37698	37698
7	8	4	20398	20398
7	8	5	105610	105610
7	8	1	80594	80594
7	8	5	105800	105800
7	8	4	82925	83700
7	8	4	29973	29973
7	8	2	107683	107683
7	8	1	84856	84856
8	9	5	105800	105800
8	9	2	22785	22785
8	9	4	35224	35224
8	9	2	48415	48415
8	9	1	105814	105814
8	9	5	103726	103726
8	9	1	22353	22136
8	9	4	51783	51362
8	9	2	55342	55342
8	9	4	59094	59563
8	9	1	72235	72235
8	9	1	23002	23219
8	9	2	89859	89859
8	9	2	10896	10896
8	9	4	51783	51783
8	9	2	33371	33371
8	9	1	22274	22274
8	9	2	48415	47994
8	9	1	33681	33990
8	9	4	51360	51360
8	9	2	22568	22568
8	9	1	33990	33681
8	9	4	24304	24304
8	9	5	105644	105644
8	9	1	72236	72236
8	9	5	105800	105800
8	9	4	98424	97649
8	9	4	35535	35535
8	9	2	95418	95418
8	9	1	81975	81975
9	10	5	105800	105800
9	10	2	23436	23219
9	10	4	43889	43468
9	10	2	41578	41578
9	10	1	105800	105800
9	10	5	108500	108283
9	10	1	22568	22351
9	10	4	53045	53466
9	10	2	51214	51214
9	10	4	61439	61439
9	10	1	78823	78048
9	10	1	22568	22568
9	10	2	72645	72048
9	10	2	10063	9716
9	10	4	53046	53046
9	10	2	33990	34299
9	10	1	22568	22351
9	10	2	49256	49677
9	10	1	33062	33062
9	10	4	53467	53046
9	10	2	23436	23436
9	10	1	32753	33062
9	10	4	25172	25172
9	10	5	105600	105600
9	10	1	59565	59565
9	10	5	105800	105800
9	10	4	100750	101525
9	10	4	36770	36770
9	10	2	94550	94550
9	10	1	80045	80045
10	11	5	105800	105800
10	11	2	22351	22568
10	11	4	48834	48834
10	11	2	32754	32754
10	11	1	105535	105535
10	11	5	96999	96348
10	11	1	26908	26691
10	11	4	48836	48836
10	11	2	47573	47573
10	11	4	52521	52521
10	11	1	92048	92823
10	11	2	13988	13371
10	11	2	69250	69847
10	11	2	6156	5751
10	11	4	48835	48835
10	11	2	33063	33063
10	11	4	16847	16364
10	11	2	47994	47573
10	11	1	33617	33617
10	11	4	54648	55069
10	11	2	22351	21917
10	11	1	39552	39552
10	11	4	15085	14952
10	11	5	105706	105706
10	11	1	71931	71931
10	11	5	105800	105800
10	11	4	71210	71210
10	11	4	33681	33681
10	11	2	90675	90675
10	11	1	84177	83580
11	12	5	105800	105800
11	12	2	21700	21700
11	12	4	47994	47994
11	12	2	31827	31827
11	12	1	106581	105806
11	12	5	86800	86366
11	12	1	28644	28861
11	12	4	47994	47994
11	12	2	53322	53322
11	12	4	47994	47994
11	12	1	90146	89549
11	12	2	5913	5751
11	12	2	68057	67460
11	12	2	5832	5913
11	12	4	47994	47994
11	12	2	31518	31518
11	12	4	13566	13566
11	12	2	45889	46310
11	12	1	28861	28861
11	12	4	52877	52877
11	12	2	21700	21700
11	12	1	42024	42024
11	12	4	13564	13564
11	12	5	105800	105800
11	12	1	73039	73039
11	12	5	105800	105800
11	12	4	70445	70445
11	12	4	33063	33063
11	12	2	87575	87575
11	12	1	89548	90145
12	13	5	105800	105800
12	13	2	38271	38271
12	13	4	58098	58519
12	13	2	39552	38934
12	13	1	78301	79076
12	13	5	56420	56637
12	13	1	19964	19964
12	13	4	58097	58097
12	13	2	64087	64087
12	13	4	58146	58146
12	13	1	75030	74852
12	13	1	17614	17614
12	13	2	97894	98491
12	13	1	17707	17409
12	13	4	58098	58098
12	13	2	39664	39664
12	13	1	19095	18962
12	13	2	57676	57255
12	13	1	19964	19964
12	13	4	58567	58146
12	13	5	16915	15193
12	13	1	29046	29046
12	13	1	19068	19068
12	13	5	105786	105786
12	13	1	48774	48774
12	13	5	105800	105800
12	13	4	85370	85370
12	13	4	35464	35247
12	13	2	110050	109275
12	13	1	62088	62088
13	14	5	105800	105800
13	14	2	42024	42024
13	14	4	46109	46109
13	14	2	42023	41714
13	14	1	75950	75950
13	14	5	45570	45136
13	14	1	18879	18879
13	14	4	61466	61466
13	14	2	68094	68094
13	14	4	61466	61045
13	14	1	75950	76725
13	14	1	18879	18662
13	14	2	104488	104488
13	14	1	18662	18662
13	14	4	61465	61465
13	14	2	42333	42024
13	14	1	11830	11697
13	14	2	61045	61466
13	14	1	18879	18879
13	14	4	61045	61466
13	14	5	23052	22462
13	14	1	27809	27809
13	14	1	18879	18879
13	14	5	105790	105790
13	14	1	46431	45962
13	14	5	105800	105800
13	14	4	89550	89550
13	14	4	28861	28861
13	14	2	106192	106401
13	14	1	59102	59102
14	15	5	105800	105800
14	15	2	41714	41714
14	15	4	42023	42023
14	15	3	53127	32445
14	15	1	75950	75950
14	15	5	43834	43834
14	15	1	18879	18662
14	15	4	61045	61045
14	15	2	74281	73812
14	15	4	61045	61466
14	15	1	75949	75949
14	15	1	18879	18445
14	15	2	89038	89038
14	15	1	18879	18879
14	15	4	61045	61045
14	15	2	60542	60851
14	15	1	12460	12460
14	15	2	60203	60203
14	15	1	18662	18662
14	15	4	61466	61045
14	15	5	26334	25802
14	15	1	27192	27192
14	15	1	18879	18879
14	15	5	105800	105800
14	15	1	45493	45962
14	15	5	105800	105800
14	15	4	90146	89549
14	15	4	28644	28861
14	15	2	105806	106217
14	15	1	57909	57909
15	16	5	105800	105709
15	16	2	38712	38495
15	16	4	47895	47895
15	16	3	105600	0
15	16	1	76725	75950
15	16	5	44051	43834
15	16	1	18879	18879
15	16	4	50888	50579
15	16	2	76673	77142
15	16	4	69465	69465
15	16	1	75950	75950
15	16	1	18662	18879
15	16	2	96543	95946
15	16	1	18879	18879
15	16	4	69464	69464
15	16	2	62308	62308
15	16	1	18662	18662
15	16	2	62307	62307
15	16	1	18846	18846
15	16	4	69464	69464
15	16	2	25151	24665
15	16	1	27501	27501
15	16	1	18879	18879
15	16	5	105800	105800
15	16	1	46268	46268
15	16	5	105517	105800
15	16	4	101489	102086
15	16	5	17541	17162
15	16	2	105709	105864
15	16	1	50527	50527
16	17	5	105800	105891
16	17	2	36956	36864
16	17	4	33681	33681
16	17	3	52734	31305
16	17	1	96874	97649
16	17	5	79729	79729
16	17	4	8808	8646
16	17	4	33372	33681
16	17	2	64851	64851
16	17	4	48836	48836
16	17	1	96875	96875
16	17	1	24087	24087
16	17	2	77610	78207
16	17	1	23870	23870
16	17	4	48836	48836
16	17	2	53641	53641
16	17	4	15233	14701
16	17	2	53467	53467
16	17	1	24086	24086
16	17	4	48415	48836
16	17	2	30968	30751
16	17	1	35226	34917
16	17	4	15211	14861
16	17	5	105800	105800
16	17	1	59094	58625
16	17	5	106083	105800
16	17	4	71639	71639
16	17	4	22854	22157
16	17	2	105883	105883
16	17	1	58625	58625
17	18	5	105800	105800
17	18	2	47277	47277
17	18	4	28869	28869
17	18	3	105600	0
17	18	1	113364	113364
17	18	5	50778	50778
17	18	4	5830	5668
17	18	4	31518	31518
17	18	2	97183	97183
17	18	4	45467	45467
17	18	1	101525	101525
17	18	1	24955	24955
17	18	2	100765	100168
17	18	1	28616	28616
17	18	4	45468	45468
17	18	2	66518	66518
17	18	4	12901	12635
17	18	2	66517	66517
17	18	1	25264	24830
17	18	4	45889	45889
17	18	5	28692	28209
17	18	1	36265	36574
17	18	4	12901	12768
17	18	5	105800	105800
17	18	1	61439	61439
17	18	5	105800	105800
17	18	4	66864	66267
17	18	4	21266	21483
17	18	2	105699	105699
17	18	1	61437	61437
18	19	5	105800	105517
18	19	2	54619	54928
18	19	4	30631	30631
18	19	3	105600	0
18	19	1	105709	105709
18	19	5	45674	45891
18	19	4	5832	5751
18	19	4	31209	31209
18	19	2	108234	107637
18	19	4	45047	45047
18	19	1	102299	102299
18	19	1	25389	24955
18	19	2	112574	113171
18	19	1	31605	31605
18	19	4	45467	45467
18	19	2	65675	65675
18	19	4	12768	12768
18	19	2	65676	65676
18	19	1	25172	24955
18	19	4	45047	45047
18	19	5	26465	25534
18	19	1	36771	36771
18	19	4	12901	12635
18	19	5	105800	105800
18	19	1	61908	62377
18	19	5	105517	105800
18	19	4	65669	66266
18	19	4	21483	21266
18	19	2	105891	105608
18	19	1	78590	78590
19	20	5	105800	106083
19	20	2	70307	69886
19	20	4	29145	29145
19	20	3	105600	0
19	20	1	106859	106859
19	20	5	44464	44247
19	20	4	5832	5508
19	20	4	31518	31518
19	20	2	109021	109618
19	20	4	44626	44626
19	20	1	112275	112275
19	20	1	25823	25823
19	20	2	105547	105547
19	20	1	25823	25823
19	20	4	45468	45468
19	20	2	63571	63571
19	20	4	13032	12766
19	20	2	63992	63992
19	20	1	20053	20270
19	20	4	45467	45467
19	20	5	26999	26600
19	20	1	37389	37080
19	20	4	12901	12901
19	20	5	105800	105800
19	20	1	63315	63315
19	20	5	105800	105800
19	20	4	67461	66864
19	20	4	21483	21700
19	20	2	105804	105804
19	20	1	79998	79998
20	21	5	105645	105645
20	21	2	65253	65674
20	21	4	36627	36318
20	21	3	105600	0
20	21	1	105600	105600
20	21	5	36239	36456
20	21	1	27574	27493
20	21	4	37080	37080
20	21	2	100433	100433
20	21	4	36462	36462
20	21	1	105806	105806
20	21	2	11572	11491
20	21	2	106089	106089
20	21	1	25389	25172
20	21	4	53888	53888
20	21	2	61045	61045
20	21	4	15162	15295
20	21	2	62307	62307
20	21	1	15295	15295
20	21	4	53467	53467
20	21	5	21945	21546
20	21	1	36462	36462
20	21	4	15295	15029
20	21	5	105800	105517
20	21	1	61439	61439
20	21	5	105025	105025
20	21	4	78803	79400
20	21	5	13249	12789
20	21	2	105810	105527
20	21	1	79401	79401
21	22	5	104897	104897
21	22	2	63150	62729
21	22	4	38625	38934
21	22	3	105600	0
21	22	1	105600	105600
21	22	5	35588	35371
21	22	1	26257	26257
21	22	4	38934	38934
21	22	2	90147	90147
21	22	4	43503	43503
21	22	1	105955	105052
21	22	2	10312	9803
21	22	2	106300	105525
21	22	1	26040	26257
21	22	4	56413	56413
21	22	2	42642	42642
21	22	4	15960	15827
21	22	2	61466	61466
21	22	1	26740	26740
21	22	4	41340	41031
21	22	5	21014	21014
21	22	1	37697	37697
21	22	4	12081	12081
21	22	5	105800	105800
21	22	1	58884	58884
21	22	5	105800	105800
21	22	4	82982	82385
21	22	5	9556	9232
21	22	2	105738	106304
21	22	1	81190	81190
22	23	5	106858	106858
22	23	2	64833	64833
22	23	4	29989	29989
22	23	3	105600	0
22	23	1	104554	104554
22	23	5	37074	37074
22	23	1	25389	25389
22	23	4	38315	38006
22	23	2	85626	85626
22	23	4	40301	40301
22	23	1	105868	106771
22	23	2	16445	16046
22	23	2	104204	104979
22	23	1	25389	25389
22	23	4	55572	55572
22	23	2	45982	45982
22	23	4	15849	15716
22	23	2	58518	58518
22	23	1	25264	25264
22	23	4	38007	38316
22	23	5	21812	21413
22	23	1	36574	36574
22	23	4	18392	17828
22	23	5	105800	106083
22	23	1	53887	53466
22	23	5	106575	106575
22	23	4	92773	93370
22	23	4	14244	13677
22	23	2	105912	105629
22	23	1	78804	78804
23	24	5	105234	105234
23	24	2	63785	64206
23	24	4	24953	24953
23	24	3	105600	0
23	24	1	106585	106585
23	24	5	41447	41447
23	24	1	25172	25172
23	24	4	36462	36771
23	24	2	83322	82853
23	24	4	36771	36771
23	24	1	105709	105709
23	24	2	17157	17024
23	24	2	91174	91174
23	24	1	25389	25172
23	24	4	53467	53046
23	24	2	42163	41854
23	24	4	15029	15162
23	24	2	60624	60624
23	24	1	25389	25172
23	24	4	36771	36462
23	24	5	22743	22344
23	24	1	36462	36771
23	24	4	11728	11381
23	24	5	105800	105800
23	24	1	53467	53888
23	24	5	105802	105027
23	24	4	87032	87032
23	24	5	18939	17802
23	24	2	105252	105535
23	24	1	78803	78803
24	25	5	106366	106366
24	25	2	76996	76527
24	25	4	24738	24521
24	25	3	105600	0
24	25	1	104932	104932
24	25	5	55335	55335
24	25	1	21917	21917
24	25	4	48060	48060
24	25	2	74366	74835
24	25	4	46295	46295
24	25	1	105444	105444
24	25	1	20023	19725
24	25	2	96116	96116
24	25	1	21917	21917
24	25	4	51782	52203
24	25	2	47080	47080
24	25	4	14783	14517
24	25	2	64413	64413
24	25	1	21917	22134
24	25	4	31598	31907
24	25	2	21747	21585
24	25	1	31827	31827
24	25	4	18787	18489
24	25	5	105800	105800
24	25	1	46731	46731
24	25	5	106083	106575
24	25	4	76416	75819
24	25	4	23249	23168
24	25	2	104583	104583
24	25	1	68654	68057
25	26	5	105800	105800
25	26	2	66129	66598
25	26	4	23002	23219
25	26	2	77863	34146
25	26	1	106913	106913
25	26	5	86800	86366
25	26	1	33714	33405
25	26	4	49257	49257
25	26	2	63293	63293
25	26	4	49257	49257
25	26	1	105982	105982
25	26	1	22568	22568
25	26	2	75603	75603
25	26	1	22351	22568
25	26	4	49257	49257
25	26	2	39552	39552
25	26	4	13965	13832
25	26	2	54729	54729
25	26	1	22568	22568
25	26	4	23219	23002
25	26	2	30140	30140
25	26	1	33063	33063
25	26	4	13965	13699
25	26	5	105800	105800
25	26	1	47993	47572
25	26	5	105800	105622
25	26	4	71640	72237
25	26	4	23002	22785
25	26	2	96157	96157
25	26	1	69849	70446
26	27	5	105802	105802
26	27	2	66598	66129
26	27	4	22877	22877
26	27	2	57677	57677
26	27	1	105600	105600
26	27	5	49693	49259
26	27	1	31433	31525
26	27	4	48836	48836
26	27	2	66598	66598
26	27	4	48836	48836
26	27	1	105982	105982
26	27	1	23254	23254
26	27	2	80037	80037
26	27	1	27386	27386
26	27	4	48836	48836
26	27	2	39552	39861
26	27	4	13783	13517
26	27	2	57677	57677
26	27	1	23002	22568
26	27	4	32643	32860
26	27	5	28608	27194
26	27	1	33990	33681
26	27	4	13832	13566
26	27	5	105800	105800
26	27	1	48836	49257
26	27	5	105806	105806
26	27	4	86779	86004
26	27	4	23002	23002
26	27	2	100446	100446
26	27	1	71639	71639
27	28	5	105800	105800
27	28	2	68474	68943
27	28	4	23217	23217
27	28	2	59361	59782
27	28	1	105600	105600
27	28	5	43400	43400
27	28	1	32891	32799
27	28	4	49256	49256
27	28	2	66912	66912
27	28	4	49256	49256
27	28	1	105882	105882
27	28	1	23219	23219
27	28	2	87757	87160
27	28	1	33990	33990
27	28	4	49257	48836
27	28	2	41097	41097
27	28	4	13832	13832
27	28	2	59782	59361
27	28	1	23436	23002
27	28	4	29593	29593
27	28	5	26600	26201
27	28	1	33990	34299
27	28	4	13965	13965
27	28	5	105800	105800
27	28	1	49257	49257
27	28	5	105800	105800
27	28	4	93775	93775
27	28	4	23219	23219
27	28	2	108976	108976
27	28	1	72834	72834
28	29	5	105519	105519
28	29	2	61133	61133
28	29	4	25172	25172
28	29	2	57676	57676
28	29	1	104576	104576
28	29	5	43613	43830
28	29	1	36153	36153
28	29	4	53467	53046
28	29	2	57676	57255
28	29	4	53046	53046
28	29	1	105638	105365
28	29	2	17724	17345
28	29	2	84176	84176
28	29	1	36153	36153
28	29	4	53045	53466
28	29	2	39860	39860
28	29	4	15161	15028
28	29	2	57255	57676
28	29	1	24521	24738
28	29	4	34445	34445
28	29	5	21945	21679
28	29	1	36153	36153
28	29	4	18046	17780
28	29	5	105519	105519
28	29	1	52801	52801
28	29	5	105360	105224
28	29	4	100749	101524
28	29	5	13198	12252
28	29	2	104071	104071
28	29	1	76415	76415
29	30	5	105800	105025
29	30	2	55993	55993
29	30	4	25823	25823
29	30	2	55993	55572
29	30	1	105800	105800
29	30	5	52221	52221
29	30	1	36461	36461
29	30	4	54730	55151
29	30	2	55572	55993
29	30	4	49628	49628
29	30	1	105638	105911
29	30	1	12138	11840
29	30	2	81789	82386
29	30	1	36462	36462
29	30	4	54730	54730
29	30	2	38625	38316
29	30	4	15428	15295
29	30	2	55993	55993
29	30	1	24955	24955
29	30	4	38007	37698
29	30	5	21280	20748
29	30	1	36461	36461
29	30	4	25606	25389
29	30	5	105800	105800
29	30	1	55856	55856
29	30	5	100992	101120
29	30	4	113424	113114
29	30	5	9558	8910
29	30	2	106175	106175
29	30	1	78206	78206
30	31	5	106083	106858
30	31	2	55993	55993
30	31	4	23870	23870
30	31	2	63079	63031
30	31	1	105800	105800
30	31	5	59636	59327
30	31	1	36153	36153
30	31	4	50519	50519
30	31	2	61218	61218
30	31	4	44445	44024
30	31	1	105600	105600
30	31	2	14202	13878
30	31	2	82385	82385
30	31	1	36153	36153
30	31	4	50941	50941
30	31	2	38625	38934
30	31	4	14364	14098
30	31	2	56414	56414
30	31	1	24738	24738
30	31	4	34917	35226
30	31	5	19032	18604
30	31	1	36153	36153
30	31	4	24087	24087
30	31	5	106083	106083
30	31	1	60970	60501
30	31	5	100150	100150
30	31	4	95047	95357
30	31	4	19470	18767
30	31	2	105589	105589
30	31	1	77013	77013
31	32	5	105800	105800
31	32	2	48415	48415
31	32	4	31537	31537
31	32	2	48773	49242
31	32	1	106676	106676
31	32	5	71892	72201
31	32	1	39552	39861
31	32	4	48836	48836
31	32	2	55811	55342
31	32	4	48415	48836
31	32	1	105600	105600
31	32	2	13837	13785
31	32	2	70445	70445
31	32	1	39860	39860
31	32	4	48835	48414
31	32	2	33063	33063
31	32	4	13832	13699
31	32	2	47993	47993
31	32	1	27342	27125
31	32	4	33372	33372
31	32	2	22435	21975
31	32	1	39861	39552
31	32	4	22785	22785
31	32	5	105800	105800
31	32	1	66129	66598
31	32	5	110992	110870
31	32	4	93000	92225
31	32	4	22785	23002
31	32	2	87167	87167
31	32	1	84773	84773
32	33	5	105800	105800
32	33	2	54730	54309
32	33	4	33681	33681
32	33	2	54728	54728
32	33	1	105600	105600
32	33	5	54467	54250
32	33	1	29048	29048
32	33	4	48836	48415
32	33	2	62846	63315
32	33	4	48836	48836
32	33	1	105600	105600
32	33	1	23366	23100
32	33	2	75135	75135
32	33	1	42456	42035
32	33	4	48415	48836
32	33	2	38006	37697
32	33	4	13832	13699
32	33	2	54730	54730
32	33	1	23962	23962
32	33	4	33680	33680
32	33	5	26589	25175
32	33	1	34917	35226
32	33	4	23002	23002
32	33	5	105800	105800
32	33	1	58625	58625
32	33	5	101120	101242
32	33	4	92225	93000
32	33	4	23002	22785
32	33	2	79996	79996
32	33	1	91190	91190
33	34	5	105800	105800
33	34	2	59360	59781
33	34	4	33681	33372
33	34	2	60539	60539
33	34	1	105600	105600
33	34	5	41664	41664
33	34	1	26635	26635
33	34	4	48414	48835
33	34	2	73977	73977
33	34	4	48834	48834
33	34	1	105600	105600
33	34	1	23653	23653
33	34	2	68474	68474
33	34	1	38022	38134
33	34	4	48836	48836
33	34	2	40788	41097
33	34	4	13832	13566
33	34	2	59781	59360
33	34	1	23653	23653
33	34	4	33681	33681
33	34	5	25137	24871
33	34	1	34607	34607
33	34	4	23002	23002
33	34	5	105800	105800
33	34	1	58156	58156
33	34	5	102711	102711
33	34	4	93000	93000
33	34	4	22785	23002
33	34	2	87758	87161
33	34	1	95323	95323
34	35	5	105800	105800
34	35	2	59361	59361
34	35	4	33372	33681
34	35	2	68472	68472
34	35	1	105600	105600
34	35	5	42098	42098
34	35	1	24290	24290
34	35	4	48836	48415
34	35	2	87162	87162
34	35	4	48415	48415
34	35	1	105600	105600
34	35	1	23870	23870
34	35	2	68941	68472
34	35	1	34607	34916
34	35	4	48414	48414
34	35	2	41097	41097
34	35	4	13699	13699
34	35	2	59361	59782
34	35	1	23870	23870
34	35	4	33372	33372
34	35	5	25536	24339
34	35	1	34917	34917
34	35	4	22785	22785
34	35	5	105800	105800
34	35	1	58156	58156
34	35	5	95950	96419
34	35	4	92225	92225
34	35	4	29055	28746
34	35	2	87161	87161
34	35	1	96875	96100
35	36	5	105800	105800
35	36	2	55572	55572
35	36	4	33372	33372
35	36	2	60073	60073
35	36	1	104637	104637
35	36	5	27664	27748
35	36	1	28149	28149
35	36	4	48415	48415
35	36	2	79145	79145
35	36	4	48415	48415
35	36	1	105600	105600
35	36	2	19447	18614
35	36	2	82471	82343
35	36	1	48145	48145
35	36	4	48415	48415
35	36	2	25323	25323
35	36	4	13699	13167
35	36	2	55572	55151
35	36	1	24521	24521
35	36	4	37717	37717
35	36	5	25669	25004
35	36	1	35844	35844
35	36	4	22785	22785
35	36	5	105800	105800
35	36	1	60032	60032
35	36	5	98874	98874
35	36	4	92225	91450
35	36	4	33063	33372
35	36	2	87789	88386
35	36	1	99200	99200
36	37	5	105800	105800
36	37	2	53045	53045
36	37	4	33371	33371
36	37	2	59855	59855
36	37	1	105891	105891
36	37	5	25270	24871
36	37	1	38005	38005
36	37	4	48415	48836
36	37	2	79102	78505
36	37	4	48835	48414
36	37	1	105600	105600
36	37	2	15162	15029
36	37	2	67243	67840
36	37	1	43520	43211
36	37	4	48836	48836
36	37	2	24955	24955
36	37	4	13832	13699
36	37	2	53045	53466
36	37	1	26040	26040
36	37	4	35890	35890
36	37	5	25270	25004
36	37	1	38007	38007
36	37	4	17367	17367
36	37	5	105804	105804
36	37	1	63784	63784
36	37	5	103649	103180
36	37	4	111173	111045
36	37	4	33681	33681
36	37	2	80981	80981
36	37	1	104624	105399
37	38	5	105702	105702
37	38	2	53046	53046
37	38	4	33372	33372
37	38	2	61439	61439
37	38	1	106676	105709
37	38	5	27265	27132
37	38	1	37698	37698
37	38	4	48414	48414
37	38	2	77610	78207
37	38	4	48415	48415
37	38	1	105600	105600
37	38	2	15029	14630
37	38	2	60970	60970
37	38	1	45824	46133
37	38	4	48414	48414
37	38	2	25172	25172
37	38	4	13699	13433
37	38	2	53046	53046
37	38	1	25606	25823
37	38	4	33372	33372
37	38	5	27398	26600
37	38	1	37697	37697
37	38	4	17136	16653
37	38	5	105800	105800
37	38	1	62846	62846
37	38	5	111622	111622
37	38	4	105864	106767
37	38	4	32044	31827
37	38	2	76160	75691
37	38	1	104625	103850
38	39	5	105600	105600
38	39	2	53046	53046
38	39	4	33372	33372
38	39	2	60970	60970
38	39	1	105709	106676
38	39	5	29526	29127
38	39	1	38007	38007
38	39	4	48415	48415
38	39	2	73387	73387
38	39	4	47994	48415
38	39	1	105600	105600
38	39	2	14896	14763
38	39	2	61439	61439
38	39	1	44053	43744
38	39	4	48415	47994
38	39	2	24955	24738
38	39	4	13699	13167
38	39	2	53046	53046
38	39	1	26040	26040
38	39	4	33372	33372
38	39	5	29393	29393
38	39	1	38007	37698
38	39	4	22568	22568
38	39	5	105800	105800
38	39	1	63784	63784
38	39	5	107535	107535
38	39	4	105800	105800
38	39	4	33070	33287
38	39	2	77993	77865
38	39	1	104625	105400
39	40	5	105600	105600
39	40	2	56804	56804
39	40	4	34608	34608
39	40	2	60501	60501
39	40	1	105763	105763
39	40	5	29393	29393
39	40	1	37080	37080
39	40	4	50099	49678
39	40	2	60968	60499
39	40	4	50098	50098
39	40	1	105600	105600
39	40	2	14896	14630
39	40	2	75475	75475
39	40	1	38007	38007
39	40	4	49678	50099
39	40	2	24738	24738
39	40	4	6202	6011
39	40	2	52624	52624
39	40	1	26040	26040
39	40	4	34298	34298
39	40	5	29526	28595
39	40	1	38007	38316
39	40	4	23653	23653
39	40	5	105800	105800
39	40	1	63784	63784
39	40	5	106000	106469
39	40	4	104085	103310
39	40	4	34608	34608
39	40	2	77013	77610
39	40	1	106174	105399
40	41	5	105676	105676
40	41	2	56358	56358
40	41	4	34607	34607
40	41	2	61439	60970
40	41	1	101125	101125
40	41	5	36036	35252
40	41	1	25389	25389
40	41	4	50098	50519
40	41	2	60970	60970
40	41	4	50099	50099
40	41	1	105597	105597
40	41	2	15029	14630
40	41	2	75819	75819
40	41	1	37389	37698
40	41	4	50519	50098
40	41	2	24738	24955
40	41	4	6399	6075
40	41	2	53046	53046
40	41	1	25823	25606
40	41	4	34917	34608
40	41	5	27398	26866
40	41	1	37698	37698
40	41	4	20419	20202
40	41	5	105800	105800
40	41	1	62846	62846
40	41	5	103934	103465
40	41	4	95325	96100
40	41	4	34608	34608
40	41	2	96133	96133
40	41	1	103850	103850
41	42	5	105800	105800
41	42	2	53046	53046
41	42	4	33372	33063
41	42	2	60970	60970
41	42	1	102300	102300
41	42	5	32368	32452
41	42	1	25172	25172
41	42	4	48415	47994
41	42	2	60970	61439
41	42	4	48415	48415
41	42	1	105800	105800
41	42	2	14896	14497
41	42	2	60969	60969
41	42	1	25717	25500
41	42	4	47994	48415
41	42	2	27387	27387
41	42	4	13734	13601
41	42	2	53046	52625
41	42	1	31685	31902
41	42	4	33063	33372
41	42	5	25669	24871
41	42	1	36770	36770
41	42	4	21973	21973
41	42	5	105800	105800
41	42	1	61908	61439
41	42	5	104587	104587
41	42	4	91450	91450
41	42	4	33372	33372
41	42	2	89524	89524
41	42	1	101525	102300
42	43	5	105800	105800
42	43	2	52625	52625
42	43	4	33372	33681
42	43	2	60501	60970
42	43	1	101525	101525
42	43	5	34467	34117
42	43	1	25172	25172
42	43	4	48415	48836
42	43	2	60501	60501
42	43	4	48835	48414
42	43	1	105891	105618
42	43	2	14896	14763
42	43	2	60970	60970
42	43	1	24953	25170
42	43	4	48836	48836
42	43	2	36153	36153
42	43	4	13697	13298
42	43	2	52624	52624
42	43	1	36771	36771
42	43	4	33681	33681
42	43	5	24871	24472
42	43	1	37080	36771
42	43	4	22785	22785
42	43	5	105800	105800
42	43	1	61439	61908
42	43	5	101773	101773
42	43	4	93000	92225
42	43	4	33371	33371
42	43	2	86521	85746
42	43	1	102299	102299
43	44	5	105800	105800
43	44	2	53046	52625
43	44	4	33681	33681
43	44	2	60970	60970
43	44	1	102299	101524
43	44	5	41230	41013
43	44	1	25172	25172
43	44	4	48835	48835
43	44	2	60970	60970
43	44	4	48836	48836
43	44	1	105645	105918
43	44	2	14896	14763
43	44	2	60970	60501
43	44	1	25172	25172
43	44	4	48835	48835
43	44	2	36462	36462
43	44	4	13832	13433
43	44	2	52625	53046
43	44	1	36770	36770
43	44	4	30848	30848
43	44	5	36099	34832
43	44	1	36771	36771
43	44	4	23002	23002
43	44	5	105800	105800
43	44	1	61439	61439
43	44	5	100835	101304
43	44	4	93000	93000
43	44	4	33681	33681
43	44	2	99975	100750
43	44	1	101525	101525
44	45	5	105800	105800
44	45	2	53045	53466
44	45	4	33680	33371
44	45	2	61439	61439
44	45	1	102300	102300
44	45	5	42098	41664
44	45	1	25172	25172
44	45	4	48836	48836
44	45	2	54629	54629
44	45	4	48415	48836
44	45	1	105800	105800
44	45	2	15162	14896
44	45	2	55686	56155
44	45	1	25389	25389
44	45	4	48836	48415
44	45	2	36771	36771
44	45	4	13832	13832
44	45	2	53467	53046
44	45	1	25901	25684
44	45	4	23002	23002
44	45	5	34048	33999
44	45	1	36771	37080
44	45	4	23002	23002
44	45	5	105800	105800
44	45	1	61908	61908
44	45	5	104118	103649
44	45	4	92225	93000
44	45	4	33681	33681
44	45	2	101524	101524
44	45	1	102300	102300
45	46	5	105800	105800
45	46	2	53046	53046
45	46	4	33990	34299
45	46	2	60970	60970
45	46	1	112161	112936
45	46	5	34181	34048
45	46	1	24955	24955
45	46	4	49678	49678
45	46	2	55893	55893
45	46	4	49677	49677
45	46	1	105800	105800
45	46	2	15029	14630
45	46	2	53467	53046
45	46	1	24955	24955
45	46	4	49678	49678
45	46	2	36462	36462
45	46	4	9433	9300
45	46	2	53045	53466
45	46	1	24955	24955
45	46	4	23219	23219
45	46	5	25536	25403
45	46	1	36461	36461
45	46	4	23436	23436
45	46	5	105800	105800
45	46	1	68990	68393
45	46	5	104587	104587
45	46	4	99819	99819
45	46	4	34299	33990
45	46	2	101525	101525
45	46	1	100749	100749
46	47	5	105800	105800
46	47	2	53046	53046
46	47	4	33681	33681
46	47	2	61439	60970
46	47	1	105800	105800
46	47	5	34320	34453
46	47	1	25172	25172
46	47	4	48835	48835
46	47	2	60970	60970
46	47	4	48836	48836
46	47	1	105955	105490
46	47	2	14896	14896
46	47	2	53046	53046
46	47	1	24955	24955
46	47	4	48836	49257
46	47	2	36770	36770
46	47	4	10399	10266
46	47	2	53046	53046
46	47	1	24955	25172
46	47	4	23219	23002
46	47	5	31633	31283
46	47	1	36771	36771
46	47	4	23002	23002
46	47	5	105800	105800
46	47	1	62592	62720
46	47	5	100366	100366
46	47	4	110868	110868
46	47	4	33680	33989
46	47	2	100750	100750
46	47	1	101525	101525
47	48	5	105800	105800
47	48	2	53045	53045
47	48	4	33372	33372
47	48	2	60970	61439
47	48	1	105800	105800
47	48	5	33915	33698
47	48	1	24955	24955
47	48	4	48415	47994
47	48	2	60970	60970
47	48	4	48415	48415
47	48	1	102741	103206
47	48	2	15029	14497
47	48	2	52624	53045
47	48	1	25172	25172
47	48	4	47993	47993
47	48	2	41365	41365
47	48	4	13565	13166
47	48	2	53046	52625
47	48	1	25172	24955
47	48	4	22568	22785
47	48	5	31696	31430
47	48	1	36771	36771
47	48	4	22785	22785
47	48	5	105800	105800
47	48	1	67497	67966
47	48	5	114895	114903
47	48	4	98438	98438
47	48	4	46569	46148
47	48	2	97178	96581
47	48	1	101525	100750
48	49	5	105800	105800
48	49	2	53467	53046
48	49	4	33681	33681
48	49	2	61439	61439
48	49	1	106585	106585
48	49	5	33415	32981
48	49	1	25389	25389
48	49	4	48836	49257
48	49	2	53766	53766
48	49	4	52642	52642
48	49	1	103075	102300
48	49	2	15029	14896
48	49	2	53467	53467
48	49	1	25172	24955
48	49	4	48836	48836
48	49	2	38196	38196
48	49	4	11849	11716
48	49	2	53045	53466
48	49	1	25172	25389
48	49	4	23002	23002
48	49	5	25669	25137
48	49	1	37080	36771
48	49	4	23002	22785
48	49	5	105800	105800
48	49	1	65365	65365
48	49	5	101665	102126
48	49	4	92999	92224
48	49	4	48415	48836
48	49	2	101714	101536
48	49	1	102299	103074
49	50	5	105800	105800
49	50	2	53046	53467
49	50	4	33680	33680
49	50	2	61439	61439
49	50	1	105015	105015
49	50	5	41664	41664
49	50	1	25172	25172
49	50	4	48835	48414
49	50	2	53046	53046
49	50	4	56280	56280
49	50	1	101524	102299
49	50	2	15162	14763
49	50	2	53467	53046
49	50	1	25389	25389
49	50	4	48836	48836
49	50	2	36771	36771
49	50	4	12525	12525
49	50	2	53467	53467
49	50	1	25389	25172
49	50	4	23002	23002
49	50	5	25004	25004
49	50	1	36770	37079
49	50	4	22785	23002
49	50	5	103157	103157
49	50	1	61908	61908
49	50	5	102711	102242
49	50	4	93000	93000
49	50	4	35106	35106
49	50	2	100750	101525
49	50	1	102300	101525
50	51	5	105800	105800
50	51	2	59271	59271
50	51	4	22285	22285
50	51	2	64253	64253
50	51	1	105711	105711
50	51	5	40145	40145
50	51	1	24087	23870
50	51	4	48415	48836
50	51	2	55993	55572
50	51	4	56280	55811
50	51	1	96875	96875
50	51	1	19852	19852
50	51	2	55571	55992
50	51	1	23870	23870
50	51	4	48414	48414
50	51	2	38316	38316
50	51	4	13832	13699
50	51	2	55572	55572
50	51	1	23870	23870
50	51	4	32275	32275
50	51	5	37212	36645
50	51	1	34917	34917
50	51	4	23002	23002
50	51	5	99428	98959
50	51	1	70912	70912
50	51	5	98959	99428
50	51	4	92225	93000
50	51	4	33681	33372
50	51	2	106950	106175
50	51	1	96100	96875
51	52	5	105800	105800
51	52	2	61654	61654
51	52	4	23001	23001
51	52	2	69412	69412
51	52	1	106329	106329
51	52	5	40796	40579
51	52	1	22568	22568
51	52	4	48836	48836
51	52	2	64911	65332
51	52	4	51715	51763
51	52	1	91450	91450
51	52	1	22568	22568
51	52	2	55101	54792
51	52	1	22568	22568
51	52	4	48836	48836
51	52	2	41715	41715
51	52	4	13832	13300
51	52	2	60623	60202
51	52	1	22568	22785
51	52	4	33681	33681
51	52	5	40579	40362
51	52	1	33063	33063
51	52	4	22785	22785
51	52	5	99428	99897
51	52	1	70446	69849
51	52	5	99897	99428
51	52	4	92999	92224
51	52	4	33372	33681
51	52	2	110459	111234
51	52	1	91449	91449
52	53	5	105800	105800
52	53	2	54307	54307
52	53	4	23002	22785
52	53	2	61812	61391
52	53	1	105362	105362
52	53	5	40796	40796
52	53	1	24521	24738
52	53	4	48415	48415
52	53	2	58426	58426
52	53	4	51214	51166
52	53	1	99974	99199
52	53	2	18082	17732
52	53	2	49717	50026
52	53	1	24738	24521
52	53	4	48836	48836
52	53	2	34648	34648
52	53	4	13699	13699
52	53	2	54309	54730
52	53	1	24521	24521
52	53	4	33372	33372
52	53	5	40796	40796
52	53	1	36153	36153
52	53	4	23002	23002
52	53	5	100835	100366
52	53	1	76416	77013
52	53	5	115036	115044
52	53	4	92225	93000
52	53	4	33681	33681
52	53	2	102045	102045
52	53	1	99975	99975
53	54	5	105800	105800
53	54	2	60045	59576
53	54	4	23002	23219
53	54	2	52625	53046
53	54	1	101658	101658
53	54	5	37828	37394
53	54	1	25389	25389
53	54	4	49256	48835
53	54	2	58952	58952
53	54	4	56280	56749
53	54	1	102300	103075
53	54	2	14896	14896
53	54	2	53046	53046
53	54	1	25389	25389
53	54	4	48835	48835
53	54	2	24953	24736
53	54	4	13832	13699
53	54	2	52625	52625
53	54	1	25606	25389
53	54	4	22778	22778
53	54	5	42315	41881
53	54	1	37079	37079
53	54	4	23002	23002
53	54	5	103649	103649
53	54	1	79400	78803
53	54	5	105800	105800
53	54	4	93000	93000
53	54	4	33681	33372
53	54	2	109748	109748
53	54	1	102300	102300
54	55	5	105800	105800
54	55	2	58112	58160
54	55	4	22785	22785
54	55	2	53465	53465
54	55	1	103075	102300
54	55	5	25137	24605
54	55	1	25389	25389
54	55	4	48415	48836
54	55	2	61439	61439
54	55	4	55810	55810
54	55	1	102300	102300
54	55	2	15029	14497
54	55	2	49260	48951
54	55	1	25389	25172
54	55	4	48836	48836
54	55	2	24955	25172
54	55	4	13832	13699
54	55	2	53466	53466
54	55	1	25172	25389
54	55	4	23002	23002
54	55	5	41664	41230
54	55	1	37080	37080
54	55	4	25526	25217
54	55	5	102711	102711
54	55	1	78803	79400
54	55	5	105800	105800
54	55	4	88717	88120
54	55	4	33372	33681
54	55	2	106083	106083
54	55	1	103075	103075
55	56	5	105800	105800
55	56	2	53465	53886
55	56	4	23002	23002
55	56	2	59460	59460
55	56	1	102300	103075
55	56	5	25536	25270
55	56	1	25389	25389
55	56	4	48415	48415
55	56	2	61908	61908
55	56	4	56280	55811
55	56	1	103075	102300
55	56	2	13283	13017
55	56	2	50501	50389
55	56	1	25389	25172
55	56	4	48415	48415
55	56	2	25389	25172
55	56	4	13832	13566
55	56	2	53888	53888
55	56	1	25389	25172
55	56	4	22785	22785
55	56	5	35271	34571
55	56	1	37080	37080
55	56	4	33372	33681
55	56	5	104587	105056
55	56	1	78804	78804
55	56	5	105800	105800
55	56	4	71042	71639
55	56	4	33372	33372
55	56	2	105960	105960
55	56	1	102299	102299
56	57	5	105800	105800
56	57	2	61045	61045
56	57	4	23002	22785
56	57	2	70349	70349
56	57	1	94549	93774
56	57	5	25270	24605
56	57	1	23219	23219
56	57	4	48835	48835
56	57	2	70350	70350
56	57	4	69506	69975
56	57	1	93774	94549
56	57	1	21218	21137
56	57	2	44793	44905
56	57	1	23219	23436
56	57	4	48835	48835
56	57	2	32305	32522
56	57	4	13832	13832
56	57	2	61045	60624
56	57	1	22083	21623
56	57	4	15351	15134
56	57	5	25270	25270
56	57	1	34299	34299
56	57	4	33681	33681
56	57	5	103180	103180
56	57	1	76404	75629
56	57	5	105800	105800
56	57	4	71043	71043
56	57	4	33680	33680
56	57	2	105600	105600
56	57	1	94550	94550
57	58	5	105802	105802
57	58	2	61466	61466
57	58	4	21266	21483
57	58	2	70656	70656
57	58	1	91450	92225
57	58	5	20895	20230
57	58	1	23002	23002
57	58	4	45889	45889
57	58	2	71125	71125
57	58	4	56753	56753
57	58	1	92417	92417
57	58	1	22877	22660
57	58	2	42333	42333
57	58	1	22876	22876
57	58	4	45468	45468
57	58	2	29524	29524
57	58	4	12901	12635
57	58	2	61465	61465
57	58	1	21196	21196
57	58	4	12901	12635
57	58	5	31787	31521
57	58	1	33482	33482
57	58	4	31518	31209
57	58	5	114895	114895
57	58	1	92225	92225
57	58	5	101600	102061
57	58	4	67460	67460
57	58	4	31369	31369
57	58	2	105738	105738
57	58	1	92225	92225
58	59	5	105800	105800
58	59	2	57676	57676
58	59	4	22785	22785
58	59	2	66596	66596
58	59	1	96875	96875
58	59	5	25137	25004
58	59	1	23870	23870
58	59	4	48415	48415
58	59	2	66598	66598
58	59	4	63233	63233
58	59	1	96873	96098
58	59	1	23870	23870
58	59	2	39551	39860
58	59	1	23870	23870
58	59	4	48415	48415
58	59	2	27342	27125
58	59	4	13699	13566
58	59	2	57677	57677
58	59	2	11648	11353
58	59	4	13699	13566
58	59	5	25270	25137
58	59	1	34917	34917
58	59	4	33372	33372
58	59	5	105800	105800
58	59	1	96098	96873
58	59	5	103649	103180
58	59	4	78467	78467
58	59	4	33372	33372
58	59	2	105618	105618
58	59	1	87010	87010
59	60	5	105800	105800
59	60	2	63916	63447
59	60	4	23002	23002
59	60	2	63315	63315
59	60	1	87849	87252
59	60	5	42259	41909
59	60	1	24087	24087
59	60	4	48835	48835
59	60	2	71506	71506
59	60	4	71640	71043
59	60	1	96875	97650
59	60	1	23870	24087
59	60	2	25965	25965
59	60	1	24087	24087
59	60	4	48836	48836
59	60	2	25823	25823
59	60	4	13832	13167
59	60	2	54729	55150
59	60	1	13114	13033
59	60	4	13832	13832
59	60	2	26854	26189
59	60	1	35226	35226
59	60	4	33372	33681
59	60	5	105814	105814
59	60	1	97650	96875
59	60	5	108808	108808
59	60	4	74832	74832
59	60	4	33681	33681
59	60	2	105891	105891
59	60	1	75221	75221
60	61	5	105800	105800
60	61	2	51121	51590
60	61	4	26411	26411
60	61	2	51590	51590
60	61	1	86565	87162
60	61	5	59227	59444
60	61	1	27776	27776
60	61	4	48415	47994
60	61	2	59271	58802
60	61	4	70445	71042
60	61	1	113150	112375
60	61	2	13924	13574
60	61	2	21049	21049
60	61	1	27993	27776
60	61	4	48414	48414
60	61	2	20832	21049
60	61	4	13566	13167
60	61	2	44626	44205
60	61	2	10311	9932
60	61	4	13433	13433
60	61	2	24768	24768
60	61	1	40788	40788
60	61	4	38500	38500
60	61	5	105810	105810
60	61	1	113150	113150
60	61	5	107853	107731
60	61	4	71043	70446
60	61	4	33372	33372
60	61	2	105801	105801
60	61	1	106869	106869
61	62	5	105800	105800
61	62	2	52059	52059
61	62	4	34608	34299
61	62	2	51590	51590
61	62	1	90743	90743
61	62	5	39899	39500
61	62	1	29078	29078
61	62	4	49678	50099
61	62	2	65029	64901
61	62	4	62680	62211
61	62	1	106295	107070
61	62	2	12768	12502
61	62	2	21266	20832
61	62	1	21714	21581
61	62	4	49678	49678
61	62	2	21266	21266
61	62	4	14098	13699
61	62	2	45047	45468
61	62	2	5751	5427
61	62	4	5994	5832
61	62	2	29388	29388
61	62	1	42641	42332
61	62	4	50099	50099
61	62	5	105800	105800
61	62	1	105334	106109
61	62	5	106000	106000
61	62	4	72833	73430
61	62	4	34299	34299
61	62	2	105600	105600
61	62	1	103181	103181
62	63	5	105800	105800
62	63	2	51590	51121
62	63	4	36771	36771
62	63	2	51590	51590
62	63	1	88355	87758
62	63	5	39900	39634
62	63	1	28210	28210
62	63	4	53466	53045
62	63	2	65073	65670
62	63	4	61439	61908
62	63	1	106117	106117
62	63	2	14511	14511
62	63	2	20832	21049
62	63	1	2926	2793
62	63	4	53467	53467
62	63	2	21049	21049
62	63	4	11809	11809
62	63	2	44205	44205
62	63	2	5751	5508
62	63	4	26127	25910
62	63	2	31459	31459
62	63	1	55247	55135
62	63	4	53046	53046
62	63	5	105800	105800
62	63	1	106326	106326
62	63	5	106000	106000
62	63	4	78206	78206
62	63	4	36771	36771
62	63	2	105600	105600
62	63	1	87759	87759
63	64	5	105800	105800
63	64	2	51590	52059
63	64	4	34917	35226
63	64	2	51590	51590
63	64	1	102683	103280
63	64	5	39900	39767
63	64	1	33201	32984
63	64	4	50520	50941
63	64	2	65670	65670
63	64	4	58625	58156
63	64	1	106083	105517
63	64	2	21048	21048
63	64	2	21266	21049
63	64	4	50940	50940
63	64	2	21049	21049
63	64	4	6480	6318
63	64	2	45046	45046
63	64	2	5751	5508
63	64	4	6561	6318
63	64	2	30900	30900
63	64	1	60273	60694
63	64	4	50941	50941
63	64	5	105800	105800
63	64	1	105308	105308
63	64	5	106000	106000
63	64	4	74625	74625
63	64	4	35226	34917
63	64	2	105600	105600
63	64	1	103279	103279
