0.47 8.24219
0.67 8.82812
0.87 8.78906
1.07 8.78906
1.27 7.57812
1.47 7.14844
1.67 7.14844
1.87 7.10938
2.07 7.14844
2.27 6.75781
2.47 6.67969
2.67 6.67969
2.87 6.01562
3.07 5.70312
3.27 5.70312
3.47 5.74219
3.67 5.70312
3.87 5.74219
4.07 4.41406
4.27 4.41406
4.47 4.41406
4.67 4.375
4.87 4.41406
5.07 4.41406
5.27 3.63281
5.47 3.4375
5.67 3.47656
5.87 3.4375
6.07 3.47656
6.27 3.32031
6.47 3.125
6.67 3.08594
6.87 3.08594
7.07 3.125
7.27 3.08594
7.47 3.08594
7.67 2.92969
7.87 2.30469
8.07 2.26562
8.27 2.26562
8.47 2.26562
8.67 2.26562
8.87 2.26562
9.07 2.26562
9.27 2.30469
9.47 2.26562
9.67 1.79688
9.87 1.60156
10.07 1.5625
10.27 1.60156
10.47 1.60156
10.67 1.5625
10.87 1.60156
11.07 1.60156
11.27 1.60156
11.47 1.52344
11.67 1.60156
11.87 1.5625
12.07 1.13281
12.27 0.664062
12.47 1.21094
12.67 0.546875
12.87 1.01562
13.07 0.546875
13.27 0.78125
13.47 0.625
13.67 0.664062
13.87 0.898438
14.07 0.429688
14.27 0.78125
14.47 0.507812
14.67 0.546875
14.87 0.703125
15.07 0.15625
15.27 0.234375
15.47 0.078125
15.67 0.117188
15.87 0.117188
16.07 0.078125
16.27 0.078125
