0.47 2.30469
0.67 2.53906
0.87 2.57812
1.07 2.53906
1.27 2.65625
1.47 2.57812
1.67 2.53906
1.87 2.53906
2.07 2.53906
2.27 2.57812
2.47 2.53906
2.67 2.53906
2.87 2.69531
3.07 2.61719
3.27 2.57812
3.47 2.57812
3.67 2.61719
3.87 2.57812
4.07 2.8125
4.27 2.53906
4.47 2.61719
4.67 2.61719
4.87 2.57812
5.07 2.61719
5.27 2.69531
5.47 2.61719
5.67 2.61719
5.87 2.57812
6.07 2.57812
6.27 2.69531
6.47 2.65625
6.67 2.61719
6.87 2.65625
7.07 2.61719
7.27 2.65625
7.47 2.65625
7.67 2.89062
7.87 2.73438
8.07 2.69531
8.27 2.73438
8.47 2.73438
8.67 2.69531
8.87 2.73438
9.07 2.73438
9.27 2.73438
9.47 2.69531
9.67 3.00781
9.87 2.77344
10.07 2.73438
10.27 2.77344
10.47 2.73438
10.67 2.77344
10.87 2.77344
11.07 2.73438
11.27 2.77344
11.47 2.77344
11.67 2.73438
11.87 2.77344
12.07 3.125
12.27 2.77344
12.47 2.8125
12.67 2.77344
12.87 2.77344
13.07 2.77344
13.27 2.8125
13.47 2.77344
13.67 2.77344
13.87 2.8125
14.07 2.77344
14.27 2.77344
14.47 2.77344
14.67 2.8125
14.87 3.47656
15.07 3.16406
15.27 3.16406
15.47 3.16406
15.67 3.16406
15.87 3.20312
16.07 3.16406
16.27 3.16406
16.47 3.16406
16.67 3.16406
