0.47 4.10156
0.67 4.41406
0.87 4.41406
1.07 4.375
1.27 3.78906
1.47 3.59375
1.67 3.55469
1.87 3.55469
2.07 3.59375
2.27 3.35938
2.47 3.32031
2.67 3.32031
2.87 3.00781
3.07 2.85156
3.27 2.89062
3.47 2.85156
3.67 2.85156
3.87 2.85156
4.07 2.22656
4.27 2.1875
4.47 2.22656
4.67 2.1875
4.87 2.1875
5.07 2.22656
5.27 1.83594
5.47 1.71875
5.67 1.71875
5.87 1.71875
6.07 1.71875
6.27 1.67969
6.47 1.5625
6.67 1.5625
6.87 1.52344
7.07 1.5625
7.27 1.5625
7.47 1.52344
7.67 1.48438
7.87 1.13281
8.07 1.13281
8.27 1.13281
8.47 1.13281
8.67 1.13281
8.87 1.13281
9.07 1.13281
9.27 1.13281
9.47 1.13281
9.67 0.9375
9.87 0.78125
10.07 0.78125
10.27 0.46875
10.47 1.09375
10.67 0.703125
10.87 0.859375
11.07 0.46875
11.27 0.625
11.47 0.703125
11.67 0.703125
11.87 0.390625
12.07 1.01562
12.27 0.546875
12.47 0.234375
12.67 0.234375
12.87 0.3125
13.07 0.117188
13.27 0.273438
13.47 0.390625
13.67 0.078125
13.87 0.0390625
14.07 0.117188
14.27 0.117188
14.47 0.117188
