0.47 3.00781
0.67 0.0390625
0.87 0
1.07 0
1.27 0
1.47 0
1.67 0
1.87 0
2.07 0
2.27 0
2.47 0
2.67 0
2.87 0
3.07 0
3.27 0
3.47 0
3.67 0
3.87 0
4.07 0
4.27 0
4.47 0
4.67 0
4.87 0
5.07 0
5.27 0
5.47 0
5.67 0
5.87 0
6.07 0
6.27 0
6.47 0
6.67 0
6.87 0
7.07 0
7.27 0
7.47 0
7.67 0
7.87 0
8.07 0
8.27 0
8.47 0
8.67 0
8.87 0
9.07 0
9.27 0
9.47 0
9.67 0
9.87 0
10.07 0
10.27 0
10.47 0
10.67 0
10.87 0
11.07 0
11.27 0
11.47 0
11.67 0
11.87 0
12.07 0
12.27 0
12.47 0
12.67 0
12.87 0
13.07 0
13.27 0
13.47 0
13.67 0
13.87 0
14.07 0
