0.47 4.57031
0.67 5.42969
0.87 5.39062
1.07 5.39062
1.27 5.39062
1.47 5.42969
1.67 5.39062
1.87 5.39062
2.07 5.39062
2.27 5.42969
2.47 5.39062
2.67 5.39062
2.87 5.39062
3.07 5.42969
3.27 5.39062
3.47 5.39062
3.67 5.39062
3.87 5.42969
4.07 5.39062
4.27 5.39062
4.47 5.39062
4.67 5.42969
4.87 5.39062
5.07 5.39062
5.27 5.42969
5.47 5.39062
5.67 5.39062
5.87 5.39062
6.07 5.42969
6.27 5.39062
6.47 5.39062
6.67 5.39062
6.87 5.42969
7.07 5.39062
7.27 5.39062
7.47 5.39062
7.67 5.42969
7.87 5.39062
8.07 5.39062
8.27 5.39062
8.47 5.42969
8.67 5.39062
8.87 5.39062
9.07 5.39062
9.27 5.42969
9.47 5.39062
9.67 5.39062
9.87 5.39062
10.07 5.42969
10.27 5.39062
10.47 5.39062
10.67 5.39062
10.87 5.42969
11.07 5.39062
11.27 5.39062
11.47 5.42969
11.67 5.39062
11.87 5.39062
12.07 5.39062
12.27 5.42969
12.47 5.39062
12.67 5.39062
12.87 5.39062
13.07 5.42969
