0.47 3.4375
0.67 0
0.87 0
1.07 0
1.27 0
1.47 0
1.67 0
1.87 0
2.07 0
2.27 0
2.47 0
2.67 0
2.87 0
3.07 0
3.27 0
3.47 0
3.67 0
3.87 0
4.07 0
4.27 0
4.47 0
4.67 0
4.87 0
5.07 0
5.27 0
5.47 0
5.67 0
5.87 0
6.07 0
6.27 0
6.47 0
6.67 0
6.87 0
7.07 0
7.27 0
7.47 0
7.67 0
7.87 0
8.07 0
8.27 0
8.47 0
8.67 0
8.87 0
9.07 0
9.27 0
9.47 0
9.67 0
9.87 0
10.07 0
10.27 0
10.47 0
10.67 0
10.87 0
11.07 0
11.27 0
11.47 0
11.67 0
11.87 0
12.07 0
12.27 0
12.47 0
12.67 0
12.87 0
13.07 0
13.27 0
13.47 0
13.67 0
13.87 0
14.07 0
14.27 0
14.47 0
14.67 0
14.87 0
15.07 0
15.27 0
15.47 0
15.67 0
15.87 0
16.07 0
16.27 0
16.47 0
16.67 0
16.87 0
17.07 0
17.27 0
17.47 0
17.67 0
17.87 0
18.07 0
18.27 0
18.47 0
18.67 0
18.87 0
19.07 0
19.27 0
19.47 0
19.67 0
19.87 0
20.07 0
20.27 0
20.47 0
20.67 0
20.87 0
21.07 0
21.27 0
21.47 0
21.67 0
21.87 0
22.07 0
22.27 0
22.47 0
22.67 0
22.87 0
23.07 0
23.27 0
23.47 0
23.67 0
23.87 0
24.07 0
24.27 0
24.47 0
24.67 0
24.87 0
25.07 0
25.27 0
25.47 0
25.67 0
25.87 0
26.07 0
26.27 0
26.47 0
26.67 0
26.87 0
27.07 0
27.27 0
27.47 0
27.67 0
27.87 0
28.07 0
28.27 0
28.47 0
28.67 0
28.87 0
29.07 0
29.27 0
29.47 0
29.67 0
29.87 0
30.07 0
30.27 0
30.47 0
30.67 0
30.87 0
31.07 0
31.27 0
31.47 0
31.67 0
31.87 0
32.07 0
32.27 0
32.47 0
32.67 0
32.87 0
33.07 0
33.27 0
33.47 0
33.67 0
33.87 0
34.07 0
34.27 0
34.47 0
34.67 0
34.87 0
35.07 0
35.27 0
35.47 0
35.67 0
35.87 0
36.07 0
36.27 0
36.47 0
36.67 0
36.87 0
37.07 0
37.27 0
37.47 0
37.67 0
37.87 0
38.07 0
38.27 0
38.47 0
38.67 0
38.87 0
39.07 0
39.27 0
39.47 0
39.67 0
39.87 0
40.07 0
40.27 0
40.47 0
40.67 0
40.87 0
41.07 0
41.27 0
41.47 0
41.67 0
41.87 0
42.07 0
42.27 0
42.47 0
42.67 0
42.87 0
43.07 0
43.27 0
43.47 0
43.67 0
43.87 0
44.07 0
44.27 0
44.47 0
44.67 0
44.87 0
45.07 0
45.27 0
45.47 0
45.67 0
45.87 0
46.07 0
46.27 0
46.47 0
46.67 0
46.87 0
47.07 0
47.27 0
47.47 0
47.67 0
47.87 0
48.07 0
48.27 0
48.47 0
48.67 0
48.87 0
49.07 0
49.27 0
49.47 0
49.67 0
49.87 0
